num:uniprotac:res:nat:mut:pdbcode:chain:resnum:mutation:structuretype:resolution:rfactor,Binding,SProtFT0,SProtFT1,SProtFT2,SProtFT3,SProtFT4,SProtFT5,SProtFT6,SProtFT7,SProtFT8,SProtFT9,SProtFT10,SProtFT11,SProtFT12,Interface,Relaccess,Impact,HBonds,SPhobic,CPhim,BCharge,SSGeom,Voids,MLargest1,MLargest2,MLargest3,MLargest4,MLargest5,MLargest6,MLargest7,MLargest8,MLargest9,MLargest10,NLargest1,NLargest2,NLargest3,NLargest4,NLargest5,NLargest6,MLargest7,MLargest8,NLargest9,NLargest10,Delta1,Delta2,Delta3,Delta4,Delta5,Delta6,Delta7,Delta8,Delta9,Delta10,Clash,Glycine,Proline,CisPro,dataset
10:P12883:1769:L:M:5wme:D:1769:M:crystal:2.30A:22.60%,0,0,0,0,0,0,0,0,0,0,0,0,0,0,-64.336,8.577,0.535562729,20,0,0.27,0,0,0,45.455,13.437,13.389,10.919,9.191,8.234,7.568,7.432,6.726,4.801,45.455,13.437,13.389,10.919,9.191,8.234,7.568,7.432,6.726,4.801,0,0,0,0,0,0,0,0,0,0,-3.56,-100,-100,0,PD
10:P12883:847:K:E:5tby:B:847:E:ElectronMicroscopy:20.00A:0.00%,0,0,0,0,0,0,0,0,0,0,0,0,0,0,-12.778,59.977,0.612968941,20,-0.48,0,2,0,0,1194.99,424.288,397.415,290.83,267.986,262.411,218.258,215.334,211.317,205.282,1194.99,424.288,397.415,290.83,267.986,262.411,218.258,215.334,211.317,205.282,0,0,0,0,0,0,0,0,0,0,-8.73,-100,-100,0,PD
10:P12883:865:K:R:5tby:A:865:R:ElectronMicroscopy:20.00A:0.00%,0,0,0,0,0,0,0,0,0,0,0,0,0,0,0,56.359,0.574265835,20,0,0.7,0,0,0,656.46,614.732,332.312,303.007,189.475,155.964,128.932,119.052,86.483,84.523,656.46,614.732,332.312,303.007,189.475,155.964,128.932,119.052,86.483,84.523,0,0,0,0,0,0,0,0,0,0,-10.62,-100,-100,0,PD
10:P12883:889:L:H:5tby:A:889:H:ElectronMicroscopy:20.00A:0.00%,0,0,0,0,0,0,0,0,0,0,0,0,0,0,-15.2,49.007,0.612968941,20,0,0.93,-1,0,0,656.46,614.732,332.312,303.007,189.475,155.964,128.932,119.052,86.483,84.523,656.46,614.732,332.312,303.007,189.475,155.964,128.932,119.052,86.483,84.523,0,0,0,0,0,0,0,0,0,0,-5.67,-100,-100,0,PD
10:P12883:909:I:M:5tby:A:909:M:ElectronMicroscopy:20.00A:0.00%,0,0,0,0,0,0,0,0,0,0,0,0,0,0,-13.696,41.4,0.690375153,20,0,0.47,0,0,0,656.46,614.732,332.312,303.007,189.475,155.964,128.932,119.052,86.483,84.523,656.46,614.732,332.312,303.007,189.475,155.964,128.932,119.052,86.483,84.523,0,0,0,0,0,0,0,0,0,0,-1.05,-100,-100,0,PD
10:P12883:910:K:Q:5tby:A:910:Q:ElectronMicroscopy:20.00A:0.00%,0,0,0,0,0,0,0,0,0,0,0,0,0,0,0,59.312,0.612968941,20,-0.41,0,1,0,0,656.46,614.732,332.312,303.007,189.475,155.964,128.932,119.052,86.483,84.523,656.46,614.732,332.312,303.007,189.475,155.964,128.932,119.052,86.483,84.523,0,0,0,0,0,0,0,0,0,0,-3.66,-100,-100,0,PD
11:P12883:865:K:R:5tby:B:865:R:ElectronMicroscopy:20.00A:0.00%,0,0,0,0,0,0,0,0,0,0,0,0,0,0,0,59.374,0.574265835,11.82,0,0.7,0,0,0,1194.99,424.288,397.415,290.83,267.986,262.411,218.258,215.334,211.317,205.282,1194.99,424.288,397.415,290.83,267.986,262.411,218.258,215.334,211.317,205.282,0,0,0,0,0,0,0,0,0,0,-5.99,-100,-100,0,PD
11:P12883:889:L:H:5tby:B:889:H:ElectronMicroscopy:20.00A:0.00%,0,0,0,0,0,0,0,0,0,0,0,0,0,0,0,69.97,0.612968941,20,0,0.93,-1,0,0,1194.99,424.288,397.415,290.83,267.986,262.411,218.258,215.334,211.317,205.282,1194.99,424.288,397.415,290.83,267.986,262.411,218.258,215.334,211.317,205.282,0,0,0,0,0,0,0,0,0,0,-4.02,-100,-100,0,PD
11:P12883:909:I:M:5tby:B:909:M:ElectronMicroscopy:20.00A:0.00%,0,0,0,0,0,0,0,0,0,0,0,0,0,0,-7.79,21.168,0.690375153,20,0,0.47,0,0,0,1194.99,424.288,397.415,290.83,267.986,262.411,218.258,215.334,211.317,205.282,1194.99,424.288,397.415,290.83,267.986,262.411,218.258,215.334,211.317,205.282,0,0,0,0,0,0,0,0,0,0,-2.55,-100,-100,0,PD
11:P12883:910:K:Q:5tby:B:910:Q:ElectronMicroscopy:20.00A:0.00%,0,0,0,0,0,0,0,0,0,0,0,0,0,0,0,40.251,0.612968941,20,-0.41,0,1,0,0,1194.99,424.288,397.415,290.83,267.986,262.411,218.258,215.334,211.317,205.282,1194.99,424.288,397.415,290.83,267.986,262.411,218.258,215.334,211.317,205.282,0,0,0,0,0,0,0,0,0,0,-4.85,-100,-100,0,PD
1:P12883:146:K:N:4db1:A:146:N:crystal:2.60A:21.20%,0,0,0,0,0,0,0,0,0,0,0,0,0,0,-11.308,44.084,1,20,-0.46,0,1,0,0,391.098,338.983,330.793,312.863,227.105,204.39,200.459,167.905,153.97,138.447,391.098,338.983,330.793,312.863,227.105,204.39,200.459,167.905,153.97,138.447,0,0,0,0,0,0,0,0,0,0,-4.78,-100,-100,0,PD
1:P12883:1706:L:P:5wlq:A:1706:P:crystal:3.10A:22.30%,0,0,0,0,0,0,0,0,0,0,0,0,0,0,0,60.11,0.612968941,20,0,0.6,0,0,0,15.465,13.167,13.127,12.688,11.085,11.06,10.785,10.548,9.789,7.838,15.465,13.167,13.127,12.688,11.085,11.06,10.785,10.548,9.789,7.838,0,0,0,0,0,0,0,0,0,0,1470.3,-100,2.9074,0,PD
1:P12883:1769:L:M:5wj7:A:1769:M:crystal:2.50A:20.60%,0,0,0,0,0,0,0,0,0,0,0,0,0,0,-46.012,13.582,0.535562729,20,0,0.27,0,0,0,158.109,114.03,111.726,102.819,93.842,87.975,60.994,55.263,45.204,42.637,158.109,114.03,111.726,102.819,93.842,87.975,60.994,55.263,45.204,42.637,0,0,0,0,0,0,0,0,0,0,-4.31,-100,-100,0,PD
1:P12883:1793:L:P:5wj7:A:1793:P:crystal:2.50A:20.60%,0,0,0,0,0,0,0,0,0,0,0,0,0,0,-39.166,42.192,0.612968941,20,0,0.6,0,0,0,158.109,114.03,111.726,102.819,93.842,87.975,60.994,55.263,45.204,42.637,158.109,114.03,111.726,102.819,93.842,87.975,60.994,55.263,45.204,42.637,0,0,0,0,0,0,0,0,0,0,284.63,-100,-0.1222,0,PD
1:P12883:207:K:Q:5tby:A:207:Q:ElectronMicroscopy:20.00A:0.00%,0,0,0,0,0,0,0,0,0,0,0,0,0,0,0,68.482,0.5291226,20,-0.41,0,1,0,0,656.46,614.732,332.312,303.007,189.475,155.964,128.932,119.052,86.483,84.523,656.46,614.732,332.312,303.007,189.475,155.964,128.932,119.052,86.483,84.523,0,0,0,0,0,0,0,0,0,0,-2.55,-100,-100,0,PD
1:P12883:216:L:V:4db1:A:216:V:crystal:2.60A:21.20%,0,0,0,0,0,0,0,0,0,0,0,0,0,0,0,15.128,0.651672047,20,-0.01,0,0,0,0,391.098,338.983,330.793,312.863,227.105,204.39,200.459,167.905,153.97,138.447,391.098,338.983,330.793,312.863,227.105,204.39,200.459,167.905,153.97,138.447,0,0,0,0,0,0,0,0,0,0,-4.82,-100,-100,0,PD
1:P12883:227:L:V:4db1:A:227:V:crystal:2.60A:21.20%,0,0,0,0,0,0,0,0,0,0,0,0,0,0,0,1.971,1,20,-0.01,0,0,0,-173.322,564.42,338.983,330.793,312.863,227.105,204.39,200.459,167.905,153.97,138.447,391.098,338.983,330.793,312.863,227.105,204.39,200.459,167.905,153.97,138.447,173.322,0,0,0,0,0,0,0,0,0,-7.1,-100,-100,0,PD
1:P12883:246:K:Q:4db1:A:246:Q:crystal:2.60A:21.20%,0,0,0,0,0,0,0,0,0,0,0,0,0,0,0,4.234,0.80648447,20,-0.41,0,1,0,52.115,338.983,330.793,312.863,227.105,204.39,200.459,167.905,155.409,138.447,131.361,391.098,338.983,330.793,312.863,227.105,204.39,200.459,167.905,153.97,138.447,-52.115,-8.19,-17.93,-85.758,-22.715,-3.931,-32.554,-12.496,-15.523,-7.086,-8.86,-100,-100,0,PD
1:P12883:270:K:R:4db1:A:270:R:crystal:2.60A:21.20%,0,0,0,0,0,0,0,0,0,0,0,0,0,0,0,20.094,1,12.4,0,0.7,0,0,0,391.098,338.983,330.793,312.863,227.105,204.39,200.459,167.905,153.97,138.447,391.098,338.983,330.793,312.863,227.105,204.39,200.459,167.905,153.97,138.447,0,0,0,0,0,0,0,0,0,0,-9.3,-100,-100,0,PD
1:P12883:301:L:Q:4db1:A:301:Q:crystal:2.60A:21.20%,0,0,0,0,0,0,0,0,0,0,0,0,0,0,0,0,0.458156517,20,0,1.22,0,0,0,391.098,338.983,330.793,312.863,225.983,204.39,200.459,167.905,153.97,138.447,391.098,338.983,330.793,312.863,227.105,204.39,200.459,167.905,153.97,138.447,0,0,0,0,-1.122,0,0,0,0,0,-11.81,-100,-100,0,PD
1:P12883:302:L:M:4db1:A:302:M:crystal:2.60A:21.20%,0,0,0,0,0,0,0,0,0,0,0,0,0,0,0,36.301,1,20,0,0.27,0,0,0,391.098,338.983,330.793,312.863,227.105,204.39,200.459,167.905,153.97,138.447,391.098,338.983,330.793,312.863,227.105,204.39,200.459,167.905,153.97,138.447,0,0,0,0,0,0,0,0,0,0,-5.49,-100,-100,0,PD
1:P12883:351:K:E:4db1:A:351:E:crystal:2.60A:21.20%,0,0,0,0,0,0,0,0,0,0,0,0,0,0,0,23.286,1,20,-0.48,0,2,0,0,391.098,338.983,330.793,312.863,227.105,204.39,200.459,167.905,153.97,138.447,391.098,338.983,330.793,312.863,227.105,204.39,200.459,167.905,153.97,138.447,0,0,0,0,0,0,0,0,0,0,-9.1,-100,-100,0,PD
1:P12883:383:K:N:4db1:A:383:N:crystal:2.60A:21.20%,0,0,0,0,0,0,0,0,0,0,0,0,0,0,0,34.972,0.574265835,20,-0.46,0,1,0,0,391.098,338.983,330.793,312.863,227.105,204.39,200.459,167.905,153.97,138.447,391.098,338.983,330.793,312.863,227.105,204.39,200.459,167.905,153.97,138.447,0,0,0,0,0,0,0,0,0,0,-9,-100,-100,0,PD
1:P12883:390:L:P:4db1:A:390:P:crystal:2.60A:21.20%,0,0,0,0,0,0,0,0,0,0,0,0,0,0,0,14.774,0.574265835,20,0,0.6,0,0,0,391.098,338.983,330.793,312.863,227.105,204.39,200.459,167.905,153.97,138.447,391.098,338.983,330.793,312.863,227.105,204.39,200.459,167.905,153.97,138.447,0,0,0,0,0,0,0,0,0,0,160.34,-100,3.255,0,PD
1:P12883:390:L:V:4db1:A:390:V:crystal:2.60A:21.20%,0,0,0,0,0,0,0,0,0,0,0,0,0,0,0,14.774,0.574265835,20,-0.01,0,0,0,0,391.098,338.983,330.793,312.863,227.105,204.39,200.459,167.905,153.97,138.447,391.098,338.983,330.793,312.863,227.105,204.39,200.459,167.905,153.97,138.447,0,0,0,0,0,0,0,0,0,0,-6.62,-100,-100,0,PD
1:P12883:427:L:M:4db1:A:427:M:crystal:2.60A:21.20%,0,0,0,0,0,0,0,0,0,0,0,0,0,0,0,0.036,1,20,0,0.27,0,0,0,391.098,338.983,330.793,312.863,227.105,204.39,200.459,167.905,153.97,138.447,391.098,338.983,330.793,312.863,227.105,204.39,200.459,167.905,153.97,138.447,0,0,0,0,0,0,0,0,0,0,-1.19,-100,-100,0,PD
1:P12883:450:K:E:4db1:A:450:E:crystal:2.60A:21.20%,0,0,0,0,0,0,0,0,0,0,0,0,0,0,0,101.578,1,20,-0.48,0,2,0,0,391.098,338.983,330.793,312.863,227.105,204.39,200.459,167.905,153.97,138.447,391.098,338.983,330.793,312.863,227.105,204.39,200.459,167.905,153.97,138.447,0,0,0,0,0,0,0,0,0,0,-6.65,-100,-100,0,PD
1:P12883:450:K:T:4db1:A:450:T:crystal:2.60A:21.20%,0,0,0,0,0,0,0,0,0,0,0,0,0,0,0,101.578,1,20,-0.92,0,1,0,0,391.098,338.983,330.793,312.863,227.105,204.39,200.459,167.905,153.97,138.447,391.098,338.983,330.793,312.863,227.105,204.39,200.459,167.905,153.97,138.447,0,0,0,0,0,0,0,0,0,0,-1.87,-100,-100,0,PD
1:P12883:484:K:N:4db1:A:484:N:crystal:2.60A:21.20%,0,0,0,0,0,0,0,0,0,0,0,0,0,0,0,8.399,1,20,-0.46,0,1,0,0,391.098,338.983,330.793,312.863,227.105,204.39,200.459,167.905,153.97,138.447,391.098,338.983,330.793,312.863,227.105,204.39,200.459,167.905,153.97,138.447,0,0,0,0,0,0,0,0,0,0,-6.13,-100,-100,0,PD
1:P12883:517:L:M:4db1:A:517:M:crystal:2.60A:21.20%,0,0,0,0,0,0,0,0,0,0,0,0,0,0,0,2.919,0.690375153,20,0,0.27,0,0,0,391.098,338.983,330.793,312.863,227.105,204.39,200.459,167.905,153.97,138.447,391.098,338.983,330.793,312.863,227.105,204.39,200.459,167.905,153.97,138.447,0,0,0,0,0,0,0,0,0,0,-4.26,-100,-100,0,PD
1:P12883:542:K:R:4db1:A:542:R:crystal:2.60A:21.20%,0,0,0,0,0,0,0,0,0,0,0,0,0,0,0,44.015,0.612968941,20,0,0.7,0,0,0,391.098,338.983,330.793,312.863,227.105,204.39,200.459,167.905,153.97,138.447,391.098,338.983,330.793,312.863,227.105,204.39,200.459,167.905,153.97,138.447,0,0,0,0,0,0,0,0,0,0,-6.3,-100,-100,0,PD
1:P12883:601:L:F:4db1:A:601:F:crystal:2.60A:21.20%,0,0,0,0,0,0,0,0,0,0,0,0,0,0,0,11.524,0.496859623,20,-0.08,0,0,0,0,391.098,338.983,330.793,312.863,227.105,204.39,200.459,167.905,153.97,138.447,391.098,338.983,330.793,312.863,227.105,204.39,200.459,167.905,153.97,138.447,0,0,0,0,0,0,0,0,0,0,37.75,-100,-100,0,PD
1:P12883:601:L:V:4db1:A:601:V:crystal:2.60A:21.20%,0,0,0,0,0,0,0,0,0,0,0,0,0,0,0,11.524,0.496859623,20,-0.01,0,0,0,0,391.098,338.983,330.793,312.863,227.105,204.39,200.459,167.905,153.97,138.447,391.098,338.983,330.793,312.863,227.105,204.39,200.459,167.905,153.97,138.447,0,0,0,0,0,0,0,0,0,0,-1.39,-100,-100,0,PD
1:P12883:615:K:N:4db1:A:615:N:crystal:2.60A:21.20%,0,0,0,0,0,0,0,0,0,0,0,0,0,0,0,73.142,0.575205815,20,-0.46,0,1,0,0,391.098,338.983,330.793,312.863,227.105,204.39,200.459,167.905,153.97,138.447,391.098,338.983,330.793,312.863,227.105,204.39,200.459,167.905,153.97,138.447,0,0,0,0,0,0,0,0,0,0,-2.17,-100,-100,0,PD
1:P12883:615:K:Q:4db1:A:615:Q:crystal:2.60A:21.20%,0,0,0,0,0,0,0,0,0,0,0,0,0,0,0,73.142,0.575205815,20,-0.41,0,1,0,0,391.098,338.983,330.793,312.863,227.105,204.39,200.459,167.905,153.97,138.447,391.098,338.983,330.793,312.863,227.105,204.39,200.459,167.905,153.97,138.447,0,0,0,0,0,0,0,0,0,0,-1.81,-100,-100,0,PD
1:P12883:637:K:E:5tby:A:637:E:ElectronMicroscopy:20.00A:0.00%,0,0,0,0,0,0,0,0,0,0,0,0,0,0,0,42.37,0.574265835,9.42,-0.48,0,2,0,0,656.46,614.732,332.312,303.007,189.475,155.964,128.932,119.052,86.483,84.523,656.46,614.732,332.312,303.007,189.475,155.964,128.932,119.052,86.483,84.523,0,0,0,0,0,0,0,0,0,0,-4.2,-100,-100,0,PD
1:P12883:658:L:V:4db1:A:658:V:crystal:2.60A:21.20%,0,0,0,0,0,0,0,0,0,0,0,0,0,0,0,2.11,0.690375153,20,-0.01,0,0,0,0,391.098,338.983,330.793,283.779,227.105,204.39,200.459,167.905,153.97,147.543,391.098,338.983,330.793,312.863,227.105,204.39,200.459,167.905,153.97,138.447,0,0,0,-29.084,0,0,0,0,0,9.096,-5.47,-100,-100,0,PD
1:P12883:796:L:F:4p7h:A:796:F:crystal:3.20A:22.90%,0,0,0,0,0,0,0,0,0,0,0,0,0,0,0,64.477,0.481529084,20,-0.79,0,0,0,0,709.624,671.578,564.914,419.844,328.913,303.341,194.964,192.61,185.963,185.305,709.624,671.578,564.914,419.844,328.913,303.341,194.964,192.61,185.963,185.305,0,0,0,0,0,0,0,0,0,0,-4.57,-100,-100,0,PD
1:P12883:835:K:T:4p7h:A:835:T:crystal:3.20A:22.90%,0,0,0,0,0,0,0,0,0,0,0,0,0,0,0,0.252,0.535562729,20,0,0.22,0,0,0,709.624,671.578,564.914,419.844,328.913,303.341,194.964,192.61,185.963,185.305,709.624,671.578,564.914,419.844,328.913,303.341,194.964,192.61,185.963,185.305,0,0,0,0,0,0,0,0,0,0,-8.77,-100,-100,0,PD
1:P12883:847:K:E:2fxo:B:847:E:crystal:2.50A:27.70%,0,0,0,0,0,0,0,0,0,0,0,0,0,0,0,62.642,0.612968941,20,-0.48,0,2,0,0,9.737,8.877,7.702,5.965,3.914,3.642,2.78,0,0,0,9.737,8.877,7.702,5.965,3.914,3.642,2.78,0,0,0,0,0,0,0,0,0,0,0,0,0,-5.47,-100,-100,0,PD
1:P12883:865:K:R:2fxm:B:865:R:crystal:2.70A:24.20%,0,0,0,0,0,0,0,0,0,0,0,0,0,0,0,77.77,0.574265835,20,0,0.7,0,0,0,5.829,5.736,2.976,0,0,0,0,0,0,0,5.829,5.736,2.976,0,0,0,0,0,0,0,0,0,0,0,0,0,0,0,0,0,-2.85,-100,-100,0,PD
1:P12883:889:L:H:2fxm:B:889:H:crystal:2.70A:24.20%,0,0,0,0,0,0,0,0,0,0,0,0,0,0,0,68.977,0.612968941,20,0,0.93,-1,0,0,5.829,5.736,2.976,0,0,0,0,0,0,0,5.829,5.736,2.976,0,0,0,0,0,0,0,0,0,0,0,0,0,0,0,0,0,-5.68,-100,-100,0,PD
1:P12883:909:I:M:2fxm:B:909:M:crystal:2.70A:24.20%,0,0,0,0,0,0,0,0,0,0,0,0,0,0,-8.271,44.749,0.690375153,20,0,0.47,0,0,0,5.829,5.736,2.976,0,0,0,0,0,0,0,5.829,5.736,2.976,0,0,0,0,0,0,0,0,0,0,0,0,0,0,0,0,0,-0.78,-100,-100,0,PD
1:P12883:910:K:Q:2fxm:B:910:Q:crystal:2.70A:24.20%,0,0,0,0,0,0,0,0,0,0,0,0,0,0,0,72.045,0.612968941,20,-0.41,0,1,0,-2.935,8.764,7.568,5.77,0,0,0,0,0,0,0,5.829,5.736,2.976,0,0,0,0,0,0,0,2.935,1.832,2.794,0,0,0,0,0,0,0,-3.95,-100,-100,0,PD
2:P12883:146:K:N:4db1:B:146:N:crystal:2.60A:21.20%,0,0,0,0,0,0,0,0,0,0,0,0,0,0,-7.215,60.389,1,20,-0.46,0,1,0,0,737.467,284.807,271.089,261.862,258.205,223.051,209.876,202.251,188.198,171.865,737.467,284.807,271.089,261.862,258.205,223.051,209.876,202.251,188.198,171.865,0,0,0,0,0,0,0,0,0,0,-4.16,-100,-100,0,PD
2:P12883:1706:L:P:5wlz:A:1706:P:crystal:3.50A:21.50%,0,0,0,0,0,0,0,0,0,0,0,0,0,0,-41.917,23.66,0.612968941,20,0,0.6,0,0,0,197.336,142.029,117.197,52.987,49.661,47.977,43.873,41.231,31.885,31.245,197.336,142.029,117.197,52.987,49.661,47.977,43.873,41.231,31.885,31.245,0,0,0,0,0,0,0,0,0,0,77.99,-100,4.8638,0,PD
2:P12883:1769:L:M:5wj7:B:1769:M:crystal:2.50A:20.60%,0,0,0,0,0,0,0,0,0,0,0,0,0,0,-42.665,16.481,0.535562729,20,0,0.27,0,0,0,153.789,89.216,79.888,78.323,71.314,46.83,30.958,25.92,25.096,24.683,153.789,89.216,79.888,78.323,71.314,46.83,30.958,25.92,25.096,24.683,0,0,0,0,0,0,0,0,0,0,-4.27,-100,-100,0,PD
2:P12883:1793:L:P:5wj7:B:1793:P:crystal:2.50A:20.60%,0,0,0,0,0,0,0,0,0,0,0,0,0,0,-45.095,42.47,0.612968941,20,0,0.6,0,0,0,153.789,89.216,79.888,78.323,71.314,46.83,30.958,25.92,25.096,24.683,153.789,89.216,79.888,78.323,71.314,46.83,30.958,25.92,25.096,24.683,0,0,0,0,0,0,0,0,0,0,695.37,-100,2.0282,0,PD
2:P12883:207:K:Q:5tby:B:207:Q:ElectronMicroscopy:20.00A:0.00%,0,0,0,0,0,0,0,0,0,0,0,0,0,0,0,103.5,0.5291226,20,-0.41,0,1,0,0,1194.99,424.288,397.415,290.83,267.986,262.411,218.258,215.334,211.317,205.282,1194.99,424.288,397.415,290.83,267.986,262.411,218.258,215.334,211.317,205.282,0,0,0,0,0,0,0,0,0,0,-1.38,-100,-100,0,PD
2:P12883:216:L:V:4db1:B:216:V:crystal:2.60A:21.20%,0,0,0,0,0,0,0,0,0,0,0,0,0,0,0,15.113,0.651672047,20,-0.01,0,0,0,0,737.467,284.807,271.089,261.862,258.205,223.051,209.876,202.251,188.198,171.865,737.467,284.807,271.089,261.862,258.205,223.051,209.876,202.251,188.198,171.865,0,0,0,0,0,0,0,0,0,0,-6.69,-100,-100,0,PD
2:P12883:227:L:V:4db1:B:227:V:crystal:2.60A:21.20%,0,0,0,0,0,0,0,0,0,0,0,0,0,0,0,0.998,1,20,-0.01,0,0,0,0,737.467,284.807,266.23,261.862,258.205,223.051,209.876,202.251,188.198,171.865,737.467,284.807,271.089,261.862,258.205,223.051,209.876,202.251,188.198,171.865,0,0,-4.859,0,0,0,0,0,0,0,-5.08,-100,-100,0,PD
2:P12883:246:K:Q:4db1:B:246:Q:crystal:2.60A:21.20%,0,0,0,0,0,0,0,0,0,0,0,0,0,0,0,5.069,0.80648447,20,-0.41,0,1,0,0,737.467,293.072,284.807,261.862,258.205,223.051,209.876,202.251,188.198,171.865,737.467,284.807,271.089,261.862,258.205,223.051,209.876,202.251,188.198,171.865,0,8.265,13.718,0,0,0,0,0,0,0,-8.28,-100,-100,0,PD
2:P12883:270:K:R:4db1:B:270:R:crystal:2.60A:21.20%,0,0,0,0,0,0,0,0,0,0,0,0,0,0,0,16.693,1,12.73,0,0.7,0,0,0,737.467,284.807,271.089,261.862,258.205,223.051,209.876,202.251,188.198,171.865,737.467,284.807,271.089,261.862,258.205,223.051,209.876,202.251,188.198,171.865,0,0,0,0,0,0,0,0,0,0,-8.72,-100,-100,0,PD
2:P12883:301:L:Q:4db1:B:301:Q:crystal:2.60A:21.20%,0,0,0,0,0,0,0,0,0,0,0,0,0,0,0,0,0.458156517,20,0,1.22,0,0,0,737.467,284.807,271.089,261.862,258.205,223.051,209.876,202.251,188.198,171.865,737.467,284.807,271.089,261.862,258.205,223.051,209.876,202.251,188.198,171.865,0,0,0,0,0,0,0,0,0,0,-9.96,-100,-100,0,PD
2:P12883:302:L:M:4db1:B:302:M:crystal:2.60A:21.20%,0,0,0,0,0,0,0,0,0,0,0,0,0,0,0,36.205,1,20,0,0.27,0,0,0,737.467,284.807,271.089,261.862,258.205,223.051,209.876,202.251,188.198,171.865,737.467,284.807,271.089,261.862,258.205,223.051,209.876,202.251,188.198,171.865,0,0,0,0,0,0,0,0,0,0,-4.04,-100,-100,0,PD
2:P12883:351:K:E:4db1:B:351:E:crystal:2.60A:21.20%,0,0,0,0,0,0,0,0,0,0,0,0,0,0,0,26.495,1,20,-0.48,0,2,0,0,737.467,284.807,271.089,261.862,258.205,223.051,209.876,202.251,188.198,171.865,737.467,284.807,271.089,261.862,258.205,223.051,209.876,202.251,188.198,171.865,0,0,0,0,0,0,0,0,0,0,-8.96,-100,-100,0,PD
2:P12883:383:K:N:4db1:B:383:N:crystal:2.60A:21.20%,0,0,0,0,0,0,0,0,0,0,0,0,0,0,0,33.343,0.574265835,20,-0.46,0,1,0,0,737.467,284.807,271.089,261.862,258.205,223.051,209.876,202.251,188.198,171.865,737.467,284.807,271.089,261.862,258.205,223.051,209.876,202.251,188.198,171.865,0,0,0,0,0,0,0,0,0,0,-8.88,-100,-100,0,PD
2:P12883:390:L:P:4db1:B:390:P:crystal:2.60A:21.20%,0,0,0,0,0,0,0,0,0,0,0,0,0,0,0,14.999,0.574265835,20,0,0.6,0,0,0,737.467,352.384,284.807,271.089,261.862,258.205,223.051,202.251,188.198,171.865,737.467,284.807,271.089,261.862,258.205,223.051,209.876,202.251,188.198,171.865,0,67.577,13.718,9.227,3.657,35.154,13.175,0,0,0,166.6,-100,3.4202,0,PD
2:P12883:390:L:V:4db1:B:390:V:crystal:2.60A:21.20%,0,0,0,0,0,0,0,0,0,0,0,0,0,0,0,14.999,0.574265835,20,-0.01,0,0,0,0,737.467,284.807,271.089,261.862,258.205,223.051,214.144,202.251,188.198,171.865,737.467,284.807,271.089,261.862,258.205,223.051,209.876,202.251,188.198,171.865,0,0,0,0,0,0,4.268,0,0,0,-7.15,-100,-100,0,PD
2:P12883:427:L:M:4db1:B:427:M:crystal:2.60A:21.20%,0,0,0,0,0,0,0,0,0,0,0,0,0,0,0,0,1,20,0,0.27,0,0,0,737.467,284.807,271.089,261.862,258.205,223.051,209.984,202.251,188.198,171.865,737.467,284.807,271.089,261.862,258.205,223.051,209.876,202.251,188.198,171.865,0,0,0,0,0,0,0.108,0,0,0,1.38,-100,-100,0,PD
2:P12883:450:K:E:4db1:B:450:E:crystal:2.60A:21.20%,0,0,0,0,0,0,0,0,0,0,0,0,0,0,0,53.459,1,20,-0.48,0,2,0,0,737.467,284.807,271.089,261.862,258.205,223.051,209.876,202.251,188.198,171.865,737.467,284.807,271.089,261.862,258.205,223.051,209.876,202.251,188.198,171.865,0,0,0,0,0,0,0,0,0,0,-4.99,-100,-100,0,PD
2:P12883:450:K:T:4db1:B:450:T:crystal:2.60A:21.20%,0,0,0,0,0,0,0,0,0,0,0,0,0,0,0,53.459,1,20,-0.92,0,1,0,0,737.467,284.807,271.089,261.862,258.205,223.051,209.876,202.251,188.198,171.865,737.467,284.807,271.089,261.862,258.205,223.051,209.876,202.251,188.198,171.865,0,0,0,0,0,0,0,0,0,0,0.56,-100,-100,0,PD
2:P12883:484:K:N:4db1:B:484:N:crystal:2.60A:21.20%,0,0,0,0,0,0,0,0,0,0,0,0,0,0,0,9.019,1,13.1,-0.46,0,1,0,0,737.467,284.807,271.089,261.862,258.205,223.051,209.876,202.251,188.198,171.865,737.467,284.807,271.089,261.862,258.205,223.051,209.876,202.251,188.198,171.865,0,0,0,0,0,0,0,0,0,0,-5.7,-100,-100,0,PD
2:P12883:517:L:M:4db1:B:517:M:crystal:2.60A:21.20%,0,0,0,0,0,0,0,0,0,0,0,0,0,0,0,2.027,0.690375153,20,0,0.27,0,0,-0.412,737.879,284.807,271.089,261.862,258.205,223.051,209.876,202.251,188.198,171.865,737.467,284.807,271.089,261.862,258.205,223.051,209.876,202.251,188.198,171.865,0.412,0,0,0,0,0,0,0,0,0,-6.22,-100,-100,0,PD
2:P12883:542:K:R:4db1:B:542:R:crystal:2.60A:21.20%,0,0,0,0,0,0,0,0,0,0,0,0,0,0,0,62.492,0.612968941,20,0,0.7,0,0,0,737.467,284.807,271.089,261.862,258.205,223.051,209.876,202.251,188.198,171.865,737.467,284.807,271.089,261.862,258.205,223.051,209.876,202.251,188.198,171.865,0,0,0,0,0,0,0,0,0,0,-2.31,-100,-100,0,PD
2:P12883:601:L:F:4db1:B:601:F:crystal:2.60A:21.20%,0,0,0,0,0,0,0,0,0,0,0,0,0,0,0,16.701,0.496859623,20,-0.08,0,0,0,0,737.467,284.807,271.089,261.862,258.205,223.051,209.876,202.251,188.198,171.865,737.467,284.807,271.089,261.862,258.205,223.051,209.876,202.251,188.198,171.865,0,0,0,0,0,0,0,0,0,0,27.54,-100,-100,0,PD
2:P12883:601:L:V:4db1:B:601:V:crystal:2.60A:21.20%,0,0,0,0,0,0,0,0,0,0,0,0,0,0,0,16.701,0.496859623,20,-0.01,0,0,0,0,737.467,284.807,271.089,261.862,258.205,223.051,209.876,202.251,188.198,171.865,737.467,284.807,271.089,261.862,258.205,223.051,209.876,202.251,188.198,171.865,0,0,0,0,0,0,0,0,0,0,-5.6,-100,-100,0,PD
2:P12883:615:K:N:4db1:B:615:N:crystal:2.60A:21.20%,0,0,0,0,0,0,0,0,0,0,0,0,0,0,0,82.402,0.575205815,20,-0.46,0,1,0,0,737.467,284.807,271.089,261.862,258.205,223.051,209.876,202.251,188.198,171.865,737.467,284.807,271.089,261.862,258.205,223.051,209.876,202.251,188.198,171.865,0,0,0,0,0,0,0,0,0,0,-2.03,-100,-100,0,PD
2:P12883:615:K:Q:4db1:B:615:Q:crystal:2.60A:21.20%,0,0,0,0,0,0,0,0,0,0,0,0,0,0,0,82.402,0.575205815,20,-0.41,0,1,0,0,737.467,284.807,271.089,261.862,258.205,223.051,209.876,202.251,188.198,171.865,737.467,284.807,271.089,261.862,258.205,223.051,209.876,202.251,188.198,171.865,0,0,0,0,0,0,0,0,0,0,-5.63,-100,-100,0,PD
2:P12883:637:K:E:5tby:B:637:E:ElectronMicroscopy:20.00A:0.00%,0,0,0,0,0,0,0,0,0,0,0,0,0,0,0,37.997,0.574265835,10.83,-0.48,0,2,0,0,1194.99,424.288,397.415,290.83,267.986,262.411,218.258,215.334,211.317,205.282,1194.99,424.288,397.415,290.83,267.986,262.411,218.258,215.334,211.317,205.282,0,0,0,0,0,0,0,0,0,0,-4.62,-100,-100,0,PD
2:P12883:658:L:V:4db1:B:658:V:crystal:2.60A:21.20%,0,0,0,0,0,0,0,0,0,0,0,0,0,0,0,2.651,0.690375153,20,-0.01,0,0,0,0,737.467,284.807,271.089,261.862,258.205,223.051,209.876,202.251,188.198,171.865,737.467,284.807,271.089,261.862,258.205,223.051,209.876,202.251,188.198,171.865,0,0,0,0,0,0,0,0,0,0,0.08,-100,-100,0,PD
2:P12883:796:L:F:4p7h:B:796:F:crystal:3.20A:22.90%,0,0,0,0,0,0,0,0,0,0,0,0,0,0,0,61.756,0.481529084,20,-0.79,0,0,0,0,613.145,377.405,352.632,229.701,224.453,222.702,206.969,186.615,185.598,165.595,613.145,377.405,352.632,229.701,224.453,222.702,206.969,186.615,185.598,165.595,0,0,0,0,0,0,0,0,0,0,-4.67,-100,-100,0,PD
2:P12883:835:K:T:4p7h:B:835:T:crystal:3.20A:22.90%,0,0,0,0,0,0,0,0,0,0,0,0,0,0,0,0.918,0.535562729,20,0,0.22,0,0,0,613.145,377.405,352.632,229.701,224.453,222.702,206.969,186.615,185.598,165.595,613.145,377.405,352.632,229.701,224.453,222.702,206.969,186.615,185.598,165.595,0,0,0,0,0,0,0,0,0,0,-5.73,-100,-100,0,PD
2:P12883:847:K:E:2fxo:C:847:E:crystal:2.50A:27.70%,0,0,0,0,0,0,0,0,0,0,0,0,0,0,0,72.132,0.612968941,20,-0.48,0,2,0,0,10.098,5.59,4.574,3.321,0,0,0,0,0,0,10.098,5.59,4.574,3.321,0,0,0,0,0,0,0,0,0,0,0,0,0,0,0,0,-1.1,-100,-100,0,PD
2:P12883:865:K:R:2fxo:B:865:R:crystal:2.50A:27.70%,0,0,0,0,0,0,0,0,0,0,0,0,0,0,0,79.674,0.574265835,20,0,0.7,0,0,0,9.737,8.877,7.702,5.965,3.914,3.642,2.78,0,0,0,9.737,8.877,7.702,5.965,3.914,3.642,2.78,0,0,0,0,0,0,0,0,0,0,0,0,0,-6.34,-100,-100,0,PD
2:P12883:889:L:H:2fxo:B:889:H:crystal:2.50A:27.70%,0,0,0,0,0,0,0,0,0,0,0,0,0,0,-5.498,67.756,0.612968941,20,0,0.93,-1,0,0,9.737,8.877,7.702,5.965,3.914,3.642,2.78,0,0,0,9.737,8.877,7.702,5.965,3.914,3.642,2.78,0,0,0,0,0,0,0,0,0,0,0,0,0,-3.59,-100,-100,0,PD
2:P12883:909:I:M:2fxo:B:909:M:crystal:2.50A:27.70%,0,0,0,0,0,0,0,0,0,0,0,0,0,0,-14.754,41.486,0.690375153,20,0,0.47,0,0,0,9.737,8.877,7.702,5.965,3.914,3.642,2.78,0,0,0,9.737,8.877,7.702,5.965,3.914,3.642,2.78,0,0,0,0,0,0,0,0,0,0,0,0,0,0.38,-100,-100,0,PD
2:P12883:910:K:Q:2fxo:B:910:Q:crystal:2.50A:27.70%,0,0,0,0,0,0,0,0,0,0,0,0,0,0,-16.62,51.684,0.612968941,20,-0.41,0,1,0,0,9.737,8.877,7.702,5.965,3.914,3.642,2.78,0,0,0,9.737,8.877,7.702,5.965,3.914,3.642,2.78,0,0,0,0,0,0,0,0,0,0,0,0,0,-2.82,-100,-100,0,PD
3:P12883:146:K:N:5tby:A:146:N:ElectronMicroscopy:20.00A:0.00%,0,0,0,0,0,0,0,0,0,0,0,0,0,0,0,18.148,1,20,-0.46,0,1,0,0,656.46,614.732,332.312,303.007,189.475,155.964,128.932,119.052,86.483,84.523,656.46,614.732,332.312,303.007,189.475,155.964,128.932,119.052,86.483,84.523,0,0,0,0,0,0,0,0,0,0,-6.18,-100,-100,0,PD
3:P12883:1706:L:P:5wlz:B:1706:P:crystal:3.50A:21.50%,0,0,0,0,0,0,0,0,0,0,0,0,0,0,-52.337,8.468,0.612968941,20,0,0.6,0,0,0,120.613,112.626,105.436,85.153,79.925,50.397,50.343,42.341,40.933,40.635,120.613,112.626,105.436,85.153,79.925,50.397,50.343,42.341,40.933,40.635,0,0,0,0,0,0,0,0,0,0,689.41,-100,4.936,0,PD
3:P12883:1769:L:M:5wjb:A:1769:M:crystal:2.91A:25.10%,0,0,0,0,0,0,0,0,0,0,0,0,0,0,-47.743,10.029,0.535562729,20,0,0.27,0,0,0,34.084,15.781,13.893,10.444,10.299,9.94,9.86,8.698,8.3,8.187,34.084,15.781,13.893,10.444,10.299,9.94,9.86,8.698,8.3,8.187,0,0,0,0,0,0,0,0,0,0,-4.67,-100,-100,0,PD
3:P12883:1793:L:P:5wjb:A:1793:P:crystal:2.91A:25.10%,0,0,0,0,0,0,0,0,0,0,0,0,0,0,-51.256,4.445,0.612968941,20,0,0.6,0,0,0,34.084,15.781,13.893,10.444,10.299,9.94,9.86,8.698,8.3,8.187,34.084,15.781,13.893,10.444,10.299,9.94,9.86,8.698,8.3,8.187,0,0,0,0,0,0,0,0,0,0,1224.56,-100,2.7888,0,PD
3:P12883:216:L:V:4pa0:B:216:V:crystal:2.25A:20.30%,0,0,0,0,0,0,0,0,0,0,0,0,0,0,0,13.019,0.651672047,20,-0.01,0,0,0,0,495.316,250.645,190.68,167.761,163.751,151.041,144.767,135.919,132.308,124.602,495.316,250.645,190.68,167.761,163.751,151.041,144.767,135.919,132.308,124.602,0,0,0,0,0,0,0,0,0,0,-7.4,-100,-100,0,PD
3:P12883:227:L:V:4pa0:A:227:V:crystal:2.25A:20.30%,0,0,0,0,0,0,0,0,0,0,0,0,0,0,0,2.84,1,20,-0.01,0,0,0,0,402.271,355.907,349.151,306.528,264.459,255.601,215.18,190.779,151.526,147.958,402.271,355.907,349.151,306.528,264.459,255.601,215.18,190.779,151.526,147.958,0,0,0,0,0,0,0,0,0,0,-5.41,-100,-100,0,PD
3:P12883:246:K:Q:4p7h:A:246:Q:crystal:3.20A:22.90%,0,0,0,0,0,0,0,0,0,0,0,0,0,0,0,10.447,0.80648447,20,-0.41,0,1,0,0,709.624,671.578,564.914,419.844,328.913,303.341,194.964,192.61,185.963,185.305,709.624,671.578,564.914,419.844,328.913,303.341,194.964,192.61,185.963,185.305,0,0,0,0,0,0,0,0,0,0,-9.67,-100,-100,0,PD
3:P12883:270:K:R:4p7h:A:270:R:crystal:3.20A:22.90%,0,0,0,0,0,0,0,0,0,0,0,0,0,0,0,21.703,1,20,0,0.7,0,0,0,709.624,671.578,564.914,419.844,328.913,303.341,194.964,192.61,186.047,185.305,709.624,671.578,564.914,419.844,328.913,303.341,194.964,192.61,185.963,185.305,0,0,0,0,0,0,0,0,0.084,0,-12.58,-100,-100,0,PD
3:P12883:301:L:Q:4p7h:A:301:Q:crystal:3.20A:22.90%,0,0,0,0,0,0,0,0,0,0,0,0,0,0,0,0,0.458156517,20,0,1.22,0,0,0,709.624,671.578,564.914,419.844,337.023,303.341,194.964,192.61,185.963,185.305,709.624,671.578,564.914,419.844,328.913,303.341,194.964,192.61,185.963,185.305,0,0,0,0,8.11,0,0,0,0,0,-13.54,-100,-100,0,PD
3:P12883:302:L:M:4p7h:A:302:M:crystal:3.20A:22.90%,0,0,0,0,0,0,0,0,0,0,0,0,0,0,0,42.426,1,20,0,0.27,0,0,0,709.624,671.578,564.914,419.844,328.913,303.341,194.964,192.61,185.963,185.305,709.624,671.578,564.914,419.844,328.913,303.341,194.964,192.61,185.963,185.305,0,0,0,0,0,0,0,0,0,0,-5.22,-100,-100,0,PD
3:P12883:351:K:E:4p7h:A:351:E:crystal:3.20A:22.90%,0,0,0,0,0,0,0,0,0,0,0,0,0,0,0,18.373,1,20,-0.48,0,2,0,0,709.624,671.578,564.914,419.844,328.913,303.341,194.964,192.61,185.963,185.305,709.624,671.578,564.914,419.844,328.913,303.341,194.964,192.61,185.963,185.305,0,0,0,0,0,0,0,0,0,0,-11.97,-100,-100,0,PD
3:P12883:383:K:N:4p7h:A:383:N:crystal:3.20A:22.90%,0,0,0,0,0,0,0,0,0,0,0,0,0,0,0,36.073,0.574265835,20,-0.46,0,1,0,0,709.624,671.578,564.914,419.844,328.913,303.341,194.964,192.61,185.963,185.305,709.624,671.578,564.914,419.844,328.913,303.341,194.964,192.61,185.963,185.305,0,0,0,0,0,0,0,0,0,0,-7.39,-100,-100,0,PD
3:P12883:390:L:P:4p7h:A:390:P:crystal:3.20A:22.90%,0,0,0,0,0,0,0,0,0,0,0,0,0,0,0,16.001,0.574265835,20,0,0.6,0,0,0,709.624,671.578,564.914,328.913,303.341,206.037,194.964,192.61,185.963,185.305,709.624,671.578,564.914,419.844,328.913,303.341,194.964,192.61,185.963,185.305,0,0,0,-90.931,-25.572,-97.304,0,0,0,0,1165.84,-100,-0.0542,0,PD
3:P12883:390:L:V:4p7h:A:390:V:crystal:3.20A:22.90%,0,0,0,0,0,0,0,0,0,0,0,0,0,0,0,16.001,0.574265835,20,-0.01,0,0,0,0,709.624,671.578,564.914,451.428,328.913,303.341,194.964,192.61,185.963,185.305,709.624,671.578,564.914,419.844,328.913,303.341,194.964,192.61,185.963,185.305,0,0,0,31.584,0,0,0,0,0,0,-6.06,-100,-100,0,PD
3:P12883:427:L:M:4p7h:A:427:M:crystal:3.20A:22.90%,0,0,0,0,0,0,0,0,0,0,0,0,0,0,0,1.41,1,20,0,0.27,0,0,0,709.624,671.578,564.914,427.113,328.913,303.341,194.964,192.61,185.963,185.305,709.624,671.578,564.914,419.844,328.913,303.341,194.964,192.61,185.963,185.305,0,0,0,7.269,0,0,0,0,0,0,-1.17,-100,-100,0,PD
3:P12883:450:K:E:4p7h:A:450:E:crystal:3.20A:22.90%,0,0,0,0,0,0,0,0,0,0,0,0,0,0,0,103.645,1,20,-0.48,0,2,0,0,709.624,671.578,564.914,419.844,328.913,303.341,194.964,192.61,185.963,185.305,709.624,671.578,564.914,419.844,328.913,303.341,194.964,192.61,185.963,185.305,0,0,0,0,0,0,0,0,0,0,-1.44,-100,-100,0,PD
3:P12883:450:K:T:4p7h:A:450:T:crystal:3.20A:22.90%,0,0,0,0,0,0,0,0,0,0,0,0,0,0,0,103.645,1,20,-0.92,0,1,0,0,709.624,671.578,564.914,419.844,328.913,303.341,194.964,192.61,185.963,185.305,709.624,671.578,564.914,419.844,328.913,303.341,194.964,192.61,185.963,185.305,0,0,0,0,0,0,0,0,0,0,-1.4,-100,-100,0,PD
3:P12883:484:K:N:4p7h:A:484:N:crystal:3.20A:22.90%,0,0,0,0,0,0,0,0,0,0,0,0,0,0,0,10.756,1,20,-0.46,0,1,0,0,709.624,671.578,564.914,419.844,328.913,303.341,194.964,192.61,185.963,185.305,709.624,671.578,564.914,419.844,328.913,303.341,194.964,192.61,185.963,185.305,0,0,0,0,0,0,0,0,0,0,-4.74,-100,-100,0,PD
3:P12883:517:L:M:4p7h:A:517:M:crystal:3.20A:22.90%,0,0,0,0,0,0,0,0,0,0,0,0,0,0,0,2.245,0.690375153,20,0,0.27,0,0,0,709.624,671.578,564.914,419.844,328.913,303.341,194.964,192.61,185.963,185.305,709.624,671.578,564.914,419.844,328.913,303.341,194.964,192.61,185.963,185.305,0,0,0,0,0,0,0,0,0,0,-7.03,-100,-100,0,PD
3:P12883:542:K:R:4p7h:A:542:R:crystal:3.20A:22.90%,0,0,0,0,0,0,0,0,0,0,0,0,0,0,-26.089,70.19,0.612968941,20,0,0.7,0,0,0,709.624,671.578,564.914,419.844,328.913,303.341,194.964,192.61,185.963,185.305,709.624,671.578,564.914,419.844,328.913,303.341,194.964,192.61,185.963,185.305,0,0,0,0,0,0,0,0,0,0,-7.25,-100,-100,0,PD
3:P12883:601:L:F:4p7h:A:601:F:crystal:3.20A:22.90%,0,0,0,0,0,0,0,0,0,0,0,0,0,0,0,11.566,0.496859623,20,-0.08,0,0,0,0,709.624,671.578,564.914,419.844,328.913,303.341,194.964,192.61,185.963,185.305,709.624,671.578,564.914,419.844,328.913,303.341,194.964,192.61,185.963,185.305,0,0,0,0,0,0,0,0,0,0,39.54,-100,-100,0,PD
3:P12883:601:L:V:4p7h:A:601:V:crystal:3.20A:22.90%,0,0,0,0,0,0,0,0,0,0,0,0,0,0,0,11.566,0.496859623,20,-0.01,0,0,0,0,709.624,671.578,564.914,419.844,328.913,303.341,194.964,192.61,185.963,185.305,709.624,671.578,564.914,419.844,328.913,303.341,194.964,192.61,185.963,185.305,0,0,0,0,0,0,0,0,0,0,-3.74,-100,-100,0,PD
3:P12883:615:K:N:4p7h:A:615:N:crystal:3.20A:22.90%,0,0,0,0,0,0,0,0,0,0,0,0,0,0,0,83.106,0.575205815,20,-0.46,0,1,0,0,709.624,671.578,564.914,419.844,328.913,303.341,194.964,192.61,185.963,185.305,709.624,671.578,564.914,419.844,328.913,303.341,194.964,192.61,185.963,185.305,0,0,0,0,0,0,0,0,0,0,-2.42,-100,-100,0,PD
3:P12883:615:K:Q:4p7h:A:615:Q:crystal:3.20A:22.90%,0,0,0,0,0,0,0,0,0,0,0,0,0,0,0,83.106,0.575205815,20,-0.41,0,1,0,0,709.624,671.578,564.914,419.844,328.913,303.341,194.964,192.61,185.963,185.305,709.624,671.578,564.914,419.844,328.913,303.341,194.964,192.61,185.963,185.305,0,0,0,0,0,0,0,0,0,0,-1.39,-100,-100,0,PD
3:P12883:658:L:V:4p7h:A:658:V:crystal:3.20A:22.90%,0,0,0,0,0,0,0,0,0,0,0,0,0,0,0,0.588,0.690375153,20,-0.01,0,0,0,0,709.624,672.546,564.914,419.844,328.913,303.341,194.964,192.61,185.963,185.305,709.624,671.578,564.914,419.844,328.913,303.341,194.964,192.61,185.963,185.305,0,0.968,0,0,0,0,0,0,0,0,-0.44,-100,-100,0,PD
3:P12883:796:L:F:4pa0:A:796:F:crystal:2.25A:20.30%,0,0,0,0,0,0,0,0,0,0,0,0,0,0,0,53.412,0.481529084,20,-0.79,0,0,0,0,402.271,355.907,349.151,306.528,264.459,255.601,215.18,190.779,151.526,147.958,402.271,355.907,349.151,306.528,264.459,255.601,215.18,190.779,151.526,147.958,0,0,0,0,0,0,0,0,0,0,-4.04,-100,-100,0,PD
3:P12883:835:K:T:4pa0:A:835:T:crystal:2.25A:20.30%,0,0,0,0,0,0,0,0,0,0,0,0,0,0,0,2.585,0.535562729,20,0,0.22,0,0,0,402.271,355.907,349.151,306.528,264.459,255.601,215.18,190.779,151.526,147.958,402.271,355.907,349.151,306.528,264.459,255.601,215.18,190.779,151.526,147.958,0,0,0,0,0,0,0,0,0,0,-8.73,-100,-100,0,PD
3:P12883:847:K:E:3dtp:A:858:E:ElectronMicroscopy:20.00A:0.00%,0,0,0,0,0,0,0,0,0,0,0,0,0,0,-2.344,67.801,0.466879419,20,-0.48,0,2,0,0,770.254,657.136,652.882,273.035,270.671,244.437,236.248,227.549,173.492,164.999,770.254,657.136,652.882,273.035,270.671,244.437,236.248,227.549,173.492,164.999,0,0,0,0,0,0,0,0,0,0,-4.61,-100,-100,0,PD
3:P12883:865:K:R:2fxo:C:865:R:crystal:2.50A:27.70%,0,0,0,0,0,0,0,0,0,0,0,0,0,0,0,77.654,0.574265835,20,0,0.7,0,0,0,10.098,5.59,4.574,3.321,0,0,0,0,0,0,10.098,5.59,4.574,3.321,0,0,0,0,0,0,0,0,0,0,0,0,0,0,0,0,-2.92,-100,-100,0,PD
3:P12883:889:L:H:2fxo:C:889:H:crystal:2.50A:27.70%,0,0,0,0,0,0,0,0,0,0,0,0,0,0,-15.346,55.773,0.612968941,20,0,0.93,-1,0,0,10.098,5.59,4.574,3.321,0,0,0,0,0,0,10.098,5.59,4.574,3.321,0,0,0,0,0,0,0,0,0,0,0,0,0,0,0,0,-5.73,-100,-100,0,PD
3:P12883:909:I:M:2fxo:C:909:M:crystal:2.50A:27.70%,0,0,0,0,0,0,0,0,0,0,0,0,0,0,-9.826,48.405,0.690375153,20,0,0.47,0,0,0,10.098,5.59,4.574,3.321,0,0,0,0,0,0,10.098,5.59,4.574,3.321,0,0,0,0,0,0,0,0,0,0,0,0,0,0,0,0,-4.32,-100,-100,0,PD
3:P12883:910:K:Q:2fxo:C:910:Q:crystal:2.50A:27.70%,0,0,0,0,0,0,0,0,0,0,0,0,0,0,-15.17,40.619,0.612968941,20,-0.41,0,1,0,0,10.098,5.59,4.574,3.321,0,0,0,0,0,0,10.098,5.59,4.574,3.321,0,0,0,0,0,0,0,0,0,0,0,0,0,0,0,0,-6.01,-100,-100,0,PD
4:P12883:146:K:N:5tby:B:146:N:ElectronMicroscopy:20.00A:0.00%,0,0,0,0,0,0,0,0,0,0,0,0,0,0,-13.771,14.091,1,15.72,-0.46,0,1,0,0,1194.99,424.288,397.415,290.83,267.986,262.411,218.258,215.334,211.317,205.282,1194.99,424.288,397.415,290.83,267.986,262.411,218.258,215.334,211.317,205.282,0,0,0,0,0,0,0,0,0,0,-8.44,-100,-100,0,PD
4:P12883:1706:L:P:5wlz:C:1706:P:crystal:3.50A:21.50%,0,0,0,0,0,0,0,0,0,0,0,0,0,0,-33.277,18.082,0.612968941,20,0,0.6,0,0,0,245.708,104.516,101.123,55.264,49.424,48.776,44.507,33.619,31.248,30.895,245.708,104.516,101.123,55.264,49.424,48.776,44.507,33.619,31.248,30.895,0,0,0,0,0,0,0,0,0,0,642.25,-100,4.3799,0,PD
4:P12883:1769:L:M:5wjb:B:1769:M:crystal:2.91A:25.10%,0,0,0,0,0,0,0,0,0,0,0,0,0,0,-47.247,8.684,0.535562729,20,0,0.27,0,0,0,36.841,23.352,17.732,17.35,15.108,14.5,13.787,12.693,10.677,10.046,36.841,23.352,17.732,17.35,15.108,14.5,13.787,12.693,10.677,10.046,0,0,0,0,0,0,0,0,0,0,-4.1,-100,-100,0,PD
4:P12883:1793:L:P:5wjb:B:1793:P:crystal:2.91A:25.10%,0,0,0,0,0,0,0,0,0,0,0,0,0,0,-45.897,17.798,0.612968941,20,0,0.6,0,0,0,36.841,23.352,17.732,17.35,15.108,14.5,13.787,12.693,10.677,10.046,36.841,23.352,17.732,17.35,15.108,14.5,13.787,12.693,10.677,10.046,0,0,0,0,0,0,0,0,0,0,3378.85,-100,3.109,0,PD
4:P12883:216:L:V:5tby:A:216:V:ElectronMicroscopy:20.00A:0.00%,0,0,0,0,0,0,0,0,0,0,0,0,0,0,0,20.534,0.651672047,20,-0.01,0,0,0,0,656.46,614.732,332.312,303.007,189.475,155.964,128.932,119.052,86.483,84.523,656.46,614.732,332.312,303.007,189.475,155.964,128.932,119.052,86.483,84.523,0,0,0,0,0,0,0,0,0,0,-0.75,-100,-100,0,PD
4:P12883:227:L:V:4pa0:B:227:V:crystal:2.25A:20.30%,0,0,0,0,0,0,0,0,0,0,0,0,0,0,0,2.151,1,20,-0.01,0,0,0,0,495.316,250.645,190.68,167.761,163.751,151.041,144.767,135.919,132.308,124.602,495.316,250.645,190.68,167.761,163.751,151.041,144.767,135.919,132.308,124.602,0,0,0,0,0,0,0,0,0,0,-6.88,-100,-100,0,PD
4:P12883:246:K:Q:4p7h:B:246:Q:crystal:3.20A:22.90%,0,0,0,0,0,0,0,0,0,0,0,0,0,0,0,10.051,0.80648447,20,-0.41,0,1,0,0,613.145,377.405,352.632,229.701,224.453,222.702,206.969,186.615,185.598,165.595,613.145,377.405,352.632,229.701,224.453,222.702,206.969,186.615,185.598,165.595,0,0,0,0,0,0,0,0,0,0,-9.83,-100,-100,0,PD
4:P12883:270:K:R:4p7h:B:270:R:crystal:3.20A:22.90%,0,0,0,0,0,0,0,0,0,0,0,0,0,0,0,22.679,1,12.97,0,0.7,0,0,0,613.145,377.405,352.632,229.787,224.453,222.702,206.969,186.615,185.598,165.595,613.145,377.405,352.632,229.701,224.453,222.702,206.969,186.615,185.598,165.595,0,0,0,0.086,0,0,0,0,0,0,-11.07,-100,-100,0,PD
4:P12883:301:L:Q:4p7h:B:301:Q:crystal:3.20A:22.90%,0,0,0,0,0,0,0,0,0,0,0,0,0,0,0,0,0.458156517,20,0,1.22,0,0,0,613.145,377.405,352.632,229.701,224.453,222.702,206.969,186.615,185.598,165.595,613.145,377.405,352.632,229.701,224.453,222.702,206.969,186.615,185.598,165.595,0,0,0,0,0,0,0,0,0,0,-11.45,-100,-100,0,PD
4:P12883:302:L:M:4p7h:B:302:M:crystal:3.20A:22.90%,0,0,0,0,0,0,0,0,0,0,0,0,0,0,0,39.191,1,20,0,0.27,0,0,0,613.145,377.405,352.632,229.701,224.453,222.702,206.969,186.615,185.598,165.595,613.145,377.405,352.632,229.701,224.453,222.702,206.969,186.615,185.598,165.595,0,0,0,0,0,0,0,0,0,0,0.99,-100,-100,0,PD
4:P12883:351:K:E:4p7h:B:351:E:crystal:3.20A:22.90%,0,0,0,0,0,0,0,0,0,0,0,0,0,0,0,17.851,1,20,-0.48,0,2,0,0,613.145,377.405,352.632,229.701,224.453,222.702,206.969,186.615,185.598,165.595,613.145,377.405,352.632,229.701,224.453,222.702,206.969,186.615,185.598,165.595,0,0,0,0,0,0,0,0,0,0,-12.26,-100,-100,0,PD
4:P12883:383:K:N:4p7h:B:383:N:crystal:3.20A:22.90%,0,0,0,0,0,0,0,0,0,0,0,0,0,0,0,33.461,0.574265835,20,-0.46,0,1,0,0,613.145,377.405,352.632,229.701,224.453,222.702,206.969,186.615,185.598,165.595,613.145,377.405,352.632,229.701,224.453,222.702,206.969,186.615,185.598,165.595,0,0,0,0,0,0,0,0,0,0,-7.87,-100,-100,0,PD
4:P12883:390:L:P:4p7h:B:390:P:crystal:3.20A:22.90%,0,0,0,0,0,0,0,0,0,0,0,0,0,0,0,16.155,0.574265835,20,0,0.6,0,0,0,613.145,377.405,352.632,229.701,224.453,222.702,206.969,186.615,185.598,165.595,613.145,377.405,352.632,229.701,224.453,222.702,206.969,186.615,185.598,165.595,0,0,0,0,0,0,0,0,0,0,412,-100,0.3346,0,PD
4:P12883:390:L:V:4p7h:B:390:V:crystal:3.20A:22.90%,0,0,0,0,0,0,0,0,0,0,0,0,0,0,0,16.155,0.574265835,20,-0.01,0,0,0,0,613.145,377.405,352.632,244.923,229.701,224.453,222.702,206.969,186.615,185.598,613.145,377.405,352.632,229.701,224.453,222.702,206.969,186.615,185.598,165.595,0,0,0,15.222,5.248,1.751,15.733,20.354,1.017,20.003,-6.2,-100,-100,0,PD
4:P12883:427:L:M:4p7h:B:427:M:crystal:3.20A:22.90%,0,0,0,0,0,0,0,0,0,0,0,0,0,0,0,1.103,1,20,0,0.27,0,0,0,613.145,377.405,352.632,229.701,224.453,222.702,206.969,186.615,172.639,165.595,613.145,377.405,352.632,229.701,224.453,222.702,206.969,186.615,185.598,165.595,0,0,0,0,0,0,0,0,-12.959,0,0.42,-100,-100,0,PD
4:P12883:450:K:E:4p7h:B:450:E:crystal:3.20A:22.90%,0,0,0,0,0,0,0,0,0,0,0,0,0,0,0,105.03,1,20,-0.48,0,2,0,0,613.145,377.405,352.632,229.701,224.453,222.702,206.969,186.615,185.598,165.595,613.145,377.405,352.632,229.701,224.453,222.702,206.969,186.615,185.598,165.595,0,0,0,0,0,0,0,0,0,0,-1.47,-100,-100,0,PD
4:P12883:450:K:T:4p7h:B:450:T:crystal:3.20A:22.90%,0,0,0,0,0,0,0,0,0,0,0,0,0,0,0,105.03,1,20,-0.92,0,1,0,0,613.145,377.405,352.632,229.701,224.453,222.702,206.969,186.615,185.598,165.595,613.145,377.405,352.632,229.701,224.453,222.702,206.969,186.615,185.598,165.595,0,0,0,0,0,0,0,0,0,0,-1.38,-100,-100,0,PD
4:P12883:484:K:N:4p7h:B:484:N:crystal:3.20A:22.90%,0,0,0,0,0,0,0,0,0,0,0,0,0,0,0,9.549,1,20,-0.46,0,1,0,0,613.145,377.405,352.632,229.701,224.453,222.702,206.969,185.598,185.274,165.595,613.145,377.405,352.632,229.701,224.453,222.702,206.969,186.615,185.598,165.595,0,0,0,0,0,0,0,-1.017,-0.324,0,-7.39,-100,-100,0,PD
4:P12883:517:L:M:4p7h:B:517:M:crystal:3.20A:22.90%,0,0,0,0,0,0,0,0,0,0,0,0,0,0,-0.004,2.946,0.690375153,20,0,0.27,0,0,0,613.145,377.405,352.632,229.701,224.453,222.702,206.969,186.615,185.598,165.595,613.145,377.405,352.632,229.701,224.453,222.702,206.969,186.615,185.598,165.595,0,0,0,0,0,0,0,0,0,0,-7.68,-100,-100,0,PD
4:P12883:542:K:R:4p7h:B:542:R:crystal:3.20A:22.90%,0,0,0,0,0,0,0,0,0,0,0,0,0,0,-52.281,46.119,0.612968941,20,0,0.7,0,0,0,613.145,377.405,352.632,229.701,224.453,222.702,206.969,186.615,185.598,165.595,613.145,377.405,352.632,229.701,224.453,222.702,206.969,186.615,185.598,165.595,0,0,0,0,0,0,0,0,0,0,-1.17,-100,-100,0,PD
4:P12883:601:L:F:4p7h:B:601:F:crystal:3.20A:22.90%,0,0,0,0,0,0,0,0,0,0,0,0,0,0,0,13.728,0.496859623,20,-0.08,0,0,0,0,613.145,377.405,352.632,277.102,229.701,224.453,222.702,206.969,186.615,165.595,613.145,377.405,352.632,229.701,224.453,222.702,206.969,186.615,185.598,165.595,0,0,0,47.401,5.248,1.751,15.733,20.354,1.017,0,44.08,-100,-100,0,PD
4:P12883:601:L:V:4p7h:B:601:V:crystal:3.20A:22.90%,0,0,0,0,0,0,0,0,0,0,0,0,0,0,0,13.728,0.496859623,20,-0.01,0,0,0,0,613.145,377.405,352.632,229.701,224.453,222.702,206.969,186.615,170.951,165.595,613.145,377.405,352.632,229.701,224.453,222.702,206.969,186.615,185.598,165.595,0,0,0,0,0,0,0,0,-14.647,0,0.6,-100,-100,0,PD
4:P12883:615:K:N:4p7h:B:615:N:crystal:3.20A:22.90%,0,0,0,0,0,0,0,0,0,0,0,0,0,0,0,82.182,0.575205815,20,-0.46,0,1,0,0,613.145,377.405,352.632,229.701,224.453,222.702,206.969,186.615,185.598,165.595,613.145,377.405,352.632,229.701,224.453,222.702,206.969,186.615,185.598,165.595,0,0,0,0,0,0,0,0,0,0,-2.84,-100,-100,0,PD
4:P12883:615:K:Q:4p7h:B:615:Q:crystal:3.20A:22.90%,0,0,0,0,0,0,0,0,0,0,0,0,0,0,0,82.182,0.575205815,20,-0.41,0,1,0,0,613.145,377.405,352.632,229.701,224.453,222.702,206.969,186.615,185.598,165.595,613.145,377.405,352.632,229.701,224.453,222.702,206.969,186.615,185.598,165.595,0,0,0,0,0,0,0,0,0,0,-1.94,-100,-100,0,PD
4:P12883:658:L:V:4p7h:B:658:V:crystal:3.20A:22.90%,0,0,0,0,0,0,0,0,0,0,0,0,0,0,0,0.754,0.690375153,20,-0.01,0,0,0,0,613.145,377.405,352.632,281.683,229.701,224.453,222.702,206.969,186.615,185.598,613.145,377.405,352.632,229.701,224.453,222.702,206.969,186.615,185.598,165.595,0,0,0,51.982,5.248,1.751,15.733,20.354,1.017,20.003,0.77,-100,-100,0,PD
4:P12883:796:L:F:4pa0:B:807:F:crystal:2.25A:20.30%,0,0,0,0,0,0,0,0,0,0,0,0,0,0,0,25.706,0.481529084,20,-0.45,0,0,0,0,495.316,250.645,190.68,167.761,163.751,151.041,144.767,135.919,132.308,124.602,495.316,250.645,190.68,167.761,163.751,151.041,144.767,135.919,132.308,124.602,0,0,0,0,0,0,0,0,0,0,-12.2,1.5012,-100,0,PD
4:P12883:835:K:T:4pa0:B:846:T:crystal:2.25A:20.30%,0,0,0,0,0,0,0,0,0,0,0,0,0,0,0,5.958,0.535562729,20,0,0,0,0,0,495.316,250.645,190.68,167.761,163.751,151.041,144.767,135.919,132.308,124.602,495.316,250.645,190.68,167.761,163.751,151.041,144.767,135.919,132.308,124.602,0,0,0,0,0,0,0,0,0,0,2.09,-100,-100,0,PD
4:P12883:847:K:E:3dtp:B:858:E:ElectronMicroscopy:20.00A:0.00%,0,0,0,0,0,0,0,0,0,0,0,0,0,0,-19.343,67.841,0.466879419,20,-0.48,0,2,0,0,525.384,298.129,280.039,232.694,201.208,196.63,185.684,179.878,152.405,142.37,525.384,298.129,280.039,232.694,201.208,196.63,185.684,179.878,152.405,142.37,0,0,0,0,0,0,0,0,0,0,-5.31,-100,-100,0,PD
4:P12883:865:K:R:3dtp:A:876:R:ElectronMicroscopy:20.00A:0.00%,0,0,0,0,0,0,0,0,0,0,0,0,0,0,-0.291,81.555,0.378094903,20,0,0.7,0,0,0,770.254,657.136,652.882,273.035,270.671,244.437,236.248,227.549,173.492,164.999,770.254,657.136,652.882,273.035,270.671,244.437,236.248,227.549,173.492,164.999,0,0,0,0,0,0,0,0,0,0,-5.82,-100,-100,0,PD
4:P12883:889:L:H:3dtp:A:900:H:ElectronMicroscopy:20.00A:0.00%,0,0,0,0,0,0,0,0,0,0,0,0,0,0,-39.697,25.541,0.405212785,20,0,0.93,-1,0,0,770.254,657.136,652.882,273.035,270.671,244.437,236.248,227.549,173.492,164.999,770.254,657.136,652.882,273.035,270.671,244.437,236.248,227.549,173.492,164.999,0,0,0,0,0,0,0,0,0,0,-10.23,-100,-100,0,PD
4:P12883:909:I:M:3dtp:A:920:M:ElectronMicroscopy:20.00A:0.00%,0,0,0,0,0,0,0,0,0,0,0,0,0,0,-17.553,42.691,0.410913683,20,0,0.47,0,0,0,770.254,657.136,652.882,273.035,270.671,244.437,236.248,227.549,173.492,164.999,770.254,657.136,652.882,273.035,270.671,244.437,236.248,227.549,173.492,164.999,0,0,0,0,0,0,0,0,0,0,-0.48,-100,-100,0,PD
4:P12883:910:K:Q:3dtp:A:921:Q:ElectronMicroscopy:20.00A:0.00%,0,0,0,0,0,0,0,0,0,0,0,0,0,0,0,66.995,0.431801178,20,-0.41,0,1,0,0,770.254,657.136,652.882,273.035,270.671,244.437,236.248,227.549,173.492,164.999,770.254,657.136,652.882,273.035,270.671,244.437,236.248,227.549,173.492,164.999,0,0,0,0,0,0,0,0,0,0,-4.66,-100,-100,0,PD
5:P12883:1706:L:P:5wlz:D:1706:P:crystal:3.50A:21.50%,0,0,0,0,0,0,0,0,0,0,0,0,0,0,-53.387,10.965,0.612968941,20,0,0.6,0,0,0,149.384,141.766,127.098,94.471,76.797,69.599,37.761,35.47,34.316,34.067,149.384,141.766,127.098,94.471,76.797,69.599,37.761,35.47,34.316,34.067,0,0,0,0,0,0,0,0,0,0,2822.76,-100,2.3436,0,PD
5:P12883:1769:L:M:5wjb:C:1769:M:crystal:2.91A:25.10%,0,0,0,0,0,0,0,0,0,0,0,0,0,0,-47.649,8.978,0.535562729,20,0,0.27,0,0,0,23.856,21.415,17.688,9.61,8.984,7.254,6.959,6.096,5.923,5.618,23.856,21.415,17.688,9.61,8.984,7.254,6.959,6.096,5.923,5.618,0,0,0,0,0,0,0,0,0,0,-4.22,-100,-100,0,PD
5:P12883:1793:L:P:5wjb:C:1793:P:crystal:2.91A:25.10%,0,0,0,0,0,0,0,0,0,0,0,0,0,0,-51.059,4.805,0.612968941,20,0,0.6,0,0,0,23.856,21.415,17.688,9.61,8.984,7.254,6.959,6.096,5.923,5.618,23.856,21.415,17.688,9.61,8.984,7.254,6.959,6.096,5.923,5.618,0,0,0,0,0,0,0,0,0,0,490.64,-100,2.7783,0,PD
5:P12883:216:L:V:5tby:B:216:V:ElectronMicroscopy:20.00A:0.00%,0,0,0,0,0,0,0,0,0,0,0,0,0,0,0,52.216,0.651672047,20,-0.01,0,0,0,0,1194.99,424.288,397.415,290.83,267.986,262.411,218.258,215.334,211.317,205.282,1194.99,424.288,397.415,290.83,267.986,262.411,218.258,215.334,211.317,205.282,0,0,0,0,0,0,0,0,0,0,-3.44,-100,-100,0,PD
5:P12883:227:L:V:5tby:A:227:V:ElectronMicroscopy:20.00A:0.00%,0,0,0,0,0,0,0,0,0,0,0,0,0,0,0,8.459,1,20,-0.01,0,0,0,-25.442,681.902,656.46,332.312,303.007,189.475,155.964,128.932,119.052,86.483,84.523,656.46,614.732,332.312,303.007,189.475,155.964,128.932,119.052,86.483,84.523,25.442,41.728,0,0,0,0,0,0,0,0,-6.52,-100,-100,0,PD
5:P12883:246:K:Q:4pa0:A:246:Q:crystal:2.25A:20.30%,0,0,0,0,0,0,0,0,0,0,0,0,0,0,0,10.8,0.80648447,17.07,-0.41,0,1,0,0,402.271,355.907,349.151,306.528,264.459,255.601,215.18,190.779,151.526,147.958,402.271,355.907,349.151,306.528,264.459,255.601,215.18,190.779,151.526,147.958,0,0,0,0,0,0,0,0,0,0,-7.59,-100,-100,0,PD
5:P12883:270:K:R:4pa0:A:270:R:crystal:2.25A:20.30%,0,0,0,0,0,0,0,0,0,0,0,0,0,0,0,22.384,1,12.68,0,0.7,0,0,0,402.271,355.907,349.151,306.528,264.459,255.601,215.18,190.779,151.526,147.958,402.271,355.907,349.151,306.528,264.459,255.601,215.18,190.779,151.526,147.958,0,0,0,0,0,0,0,0,0,0,-12.95,-100,-100,0,PD
5:P12883:301:L:Q:4pa0:A:301:Q:crystal:2.25A:20.30%,0,0,0,0,0,0,0,0,0,0,0,0,0,0,0,0,0.458156517,20,0,1.22,0,0,0,402.271,355.907,349.151,306.528,264.459,255.601,215.18,190.779,179.676,151.526,402.271,355.907,349.151,306.528,264.459,255.601,215.18,190.779,151.526,147.958,0,0,0,0,0,0,0,0,28.15,3.568,-13.42,-100,-100,0,PD
5:P12883:302:L:M:4pa0:A:302:M:crystal:2.25A:20.30%,0,0,0,0,0,0,0,0,0,0,0,0,0,0,0,34.673,1,20,0,0.27,0,0,0,402.271,355.907,349.151,306.528,264.459,255.601,215.18,190.779,151.526,147.958,402.271,355.907,349.151,306.528,264.459,255.601,215.18,190.779,151.526,147.958,0,0,0,0,0,0,0,0,0,0,-4.35,-100,-100,0,PD
5:P12883:351:K:E:4pa0:A:351:E:crystal:2.25A:20.30%,0,0,0,0,0,0,0,0,0,0,0,0,0,0,0,20.959,1,20,-0.48,0,2,0,0,402.271,355.907,349.151,306.528,264.459,255.601,215.18,190.779,151.526,147.958,402.271,355.907,349.151,306.528,264.459,255.601,215.18,190.779,151.526,147.958,0,0,0,0,0,0,0,0,0,0,-10.21,-100,-100,0,PD
5:P12883:383:K:N:4pa0:A:383:N:crystal:2.25A:20.30%,0,0,0,0,0,0,0,0,0,0,0,0,0,0,0,35.49,0.574265835,20,-0.46,0,1,0,0,402.271,355.907,349.151,306.528,264.459,255.601,215.18,190.779,151.526,147.958,402.271,355.907,349.151,306.528,264.459,255.601,215.18,190.779,151.526,147.958,0,0,0,0,0,0,0,0,0,0,-8.35,-100,-100,0,PD
5:P12883:390:L:P:4pa0:A:390:P:crystal:2.25A:20.30%,0,0,0,0,0,0,0,0,0,0,0,0,0,0,0,14.1,0.574265835,20,0,0.6,0,0,0,402.271,355.907,349.151,306.528,264.459,255.601,215.18,190.779,171.28,151.526,402.271,355.907,349.151,306.528,264.459,255.601,215.18,190.779,151.526,147.958,0,0,0,0,0,0,0,0,19.754,3.568,182.16,-100,4.1574,0,PD
5:P12883:390:L:V:4pa0:A:390:V:crystal:2.25A:20.30%,0,0,0,0,0,0,0,0,0,0,0,0,0,0,0,14.1,0.574265835,20,-0.01,0,0,0,0,402.271,355.907,349.151,306.528,264.459,255.601,215.18,190.779,158.534,151.526,402.271,355.907,349.151,306.528,264.459,255.601,215.18,190.779,151.526,147.958,0,0,0,0,0,0,0,0,7.008,3.568,-7.53,-100,-100,0,PD
5:P12883:427:L:M:4pa0:A:427:M:crystal:2.25A:20.30%,0,0,0,0,0,0,0,0,0,0,0,0,0,0,0,0.091,1,20,0,0.27,0,0,0,402.271,355.907,349.151,306.528,264.459,255.601,215.18,190.779,151.545,147.958,402.271,355.907,349.151,306.528,264.459,255.601,215.18,190.779,151.526,147.958,0,0,0,0,0,0,0,0,0.019,0,-4.29,-100,-100,0,PD
5:P12883:450:K:E:4pa0:A:450:E:crystal:2.25A:20.30%,0,0,0,0,0,0,0,0,0,0,0,0,0,0,0,82.21,1,20,-0.48,0,2,0,0,402.271,355.907,349.151,306.528,264.459,255.601,215.18,190.779,151.526,147.958,402.271,355.907,349.151,306.528,264.459,255.601,215.18,190.779,151.526,147.958,0,0,0,0,0,0,0,0,0,0,-2.25,-100,-100,0,PD
5:P12883:450:K:T:4pa0:A:450:T:crystal:2.25A:20.30%,0,0,0,0,0,0,0,0,0,0,0,0,0,0,0,82.21,1,20,-0.92,0,1,0,0,402.271,355.907,349.151,306.528,264.459,255.601,215.18,190.779,151.526,147.958,402.271,355.907,349.151,306.528,264.459,255.601,215.18,190.779,151.526,147.958,0,0,0,0,0,0,0,0,0,0,-2.33,-100,-100,0,PD
5:P12883:484:K:N:4pa0:A:484:N:crystal:2.25A:20.30%,0,0,0,0,0,0,0,0,0,0,0,0,0,0,0,8.29,1,10.87,-0.46,0,1,0,0,402.271,355.907,349.151,306.528,264.459,255.601,215.18,190.779,151.526,147.958,402.271,355.907,349.151,306.528,264.459,255.601,215.18,190.779,151.526,147.958,0,0,0,0,0,0,0,0,0,0,-7.92,-100,-100,0,PD
5:P12883:517:L:M:4pa0:A:517:M:crystal:2.25A:20.30%,0,0,0,0,0,0,0,0,0,0,0,0,0,0,0,2.311,0.690375153,20,0,0.27,0,0,0,402.271,355.907,349.151,306.528,264.459,255.601,215.18,190.779,151.526,147.958,402.271,355.907,349.151,306.528,264.459,255.601,215.18,190.779,151.526,147.958,0,0,0,0,0,0,0,0,0,0,-6.66,-100,-100,0,PD
5:P12883:542:K:R:4pa0:A:542:R:crystal:2.25A:20.30%,0,0,0,0,0,0,0,0,0,0,0,0,0,0,0,48.385,0.612968941,20,0,0.7,0,0,0,402.271,355.907,349.151,306.528,264.459,255.601,215.18,190.779,151.526,147.958,402.271,355.907,349.151,306.528,264.459,255.601,215.18,190.779,151.526,147.958,0,0,0,0,0,0,0,0,0,0,-5.48,-100,-100,0,PD
5:P12883:601:L:F:4pa0:A:601:F:crystal:2.25A:20.30%,0,0,0,0,0,0,0,0,0,0,0,0,0,0,0,8.701,0.496859623,20,-0.08,0,0,0,0,402.271,355.907,349.151,306.528,264.459,255.601,215.18,190.779,151.526,147.958,402.271,355.907,349.151,306.528,264.459,255.601,215.18,190.779,151.526,147.958,0,0,0,0,0,0,0,0,0,0,22.39,-100,-100,0,PD
5:P12883:601:L:V:4pa0:A:601:V:crystal:2.25A:20.30%,0,0,0,0,0,0,0,0,0,0,0,0,0,0,0,8.701,0.496859623,20,-0.01,0,0,0,0,402.271,355.907,349.151,306.528,264.459,255.601,215.18,190.779,151.526,147.958,402.271,355.907,349.151,306.528,264.459,255.601,215.18,190.779,151.526,147.958,0,0,0,0,0,0,0,0,0,0,1,-100,-100,0,PD
5:P12883:615:K:N:4pa0:A:615:N:crystal:2.25A:20.30%,0,0,0,0,0,0,0,0,0,0,0,0,0,0,0,78.838,0.575205815,20,-0.46,0,1,0,0,402.271,355.907,349.151,306.528,264.459,255.601,215.18,190.779,151.526,147.958,402.271,355.907,349.151,306.528,264.459,255.601,215.18,190.779,151.526,147.958,0,0,0,0,0,0,0,0,0,0,-2.8,-100,-100,0,PD
5:P12883:615:K:Q:4pa0:A:615:Q:crystal:2.25A:20.30%,0,0,0,0,0,0,0,0,0,0,0,0,0,0,0,78.838,0.575205815,20,-0.41,0,1,0,0,402.271,355.907,349.151,306.528,264.459,255.601,215.18,190.779,151.526,147.958,402.271,355.907,349.151,306.528,264.459,255.601,215.18,190.779,151.526,147.958,0,0,0,0,0,0,0,0,0,0,-0.59,-100,-100,0,PD
5:P12883:658:L:V:4pa0:A:658:V:crystal:2.25A:20.30%,0,0,0,0,0,0,0,0,0,0,0,0,0,0,0,1.415,0.690375153,20,-0.01,0,0,0,0,402.271,355.907,349.151,304.735,264.459,255.601,215.18,190.779,174.499,151.526,402.271,355.907,349.151,306.528,264.459,255.601,215.18,190.779,151.526,147.958,0,0,0,-1.793,0,0,0,0,22.973,3.568,-2.59,-100,-100,0,PD
5:P12883:796:L:F:5tby:A:796:F:ElectronMicroscopy:20.00A:0.00%,0,0,0,0,0,0,0,0,0,0,0,0,0,0,-41.372,26.925,0.481529084,20,-0.08,0,0,0,0,656.46,614.732,332.312,303.007,189.475,155.964,128.932,119.052,86.483,84.523,656.46,614.732,332.312,303.007,189.475,155.964,128.932,119.052,86.483,84.523,0,0,0,0,0,0,0,0,0,0,-4.54,-100,-100,0,PD
5:P12883:835:K:T:5tby:A:835:T:ElectronMicroscopy:20.00A:0.00%,0,0,0,0,0,0,0,0,0,0,0,0,0,0,-28.159,57.879,0.535562729,20,-0.92,0,1,0,0,656.46,614.732,332.312,303.007,189.475,155.964,128.932,119.052,86.483,84.523,656.46,614.732,332.312,303.007,189.475,155.964,128.932,119.052,86.483,84.523,0,0,0,0,0,0,0,0,0,0,-2.01,-100,-100,0,PD
5:P12883:847:K:E:4p7h:A:847:E:crystal:3.20A:22.90%,0,0,0,0,0,0,0,0,0,0,0,0,0,0,0,0.23,0.612968941,20,0,1.15,1,0,-112.536,822.16,671.578,564.914,419.844,328.913,303.341,194.964,192.61,185.963,185.305,709.624,671.578,564.914,419.844,328.913,303.341,194.964,192.61,185.963,185.305,112.536,0,0,0,0,0,0,0,0,0,-14.44,-100,-100,0,PD
5:P12883:865:K:R:3dtp:B:876:R:ElectronMicroscopy:20.00A:0.00%,0,0,0,0,0,0,0,0,0,0,0,0,0,0,0,95.3,0.378094903,20,0,0.7,0,0,0,525.384,298.129,280.039,232.694,201.208,196.63,185.684,179.878,152.405,142.37,525.384,298.129,280.039,232.694,201.208,196.63,185.684,179.878,152.405,142.37,0,0,0,0,0,0,0,0,0,0,-1.51,-100,-100,0,PD
5:P12883:889:L:H:3dtp:B:900:H:ElectronMicroscopy:20.00A:0.00%,0,0,0,0,0,0,0,0,0,0,0,0,0,0,0,64.946,0.405212785,20,0,0.93,-1,0,0,525.384,298.129,280.039,232.694,201.208,196.63,185.684,179.878,152.405,142.37,525.384,298.129,280.039,232.694,201.208,196.63,185.684,179.878,152.405,142.37,0,0,0,0,0,0,0,0,0,0,-5.33,-100,-100,0,PD
5:P12883:909:I:M:3dtp:B:920:M:ElectronMicroscopy:20.00A:0.00%,0,0,0,0,0,0,0,0,0,0,0,0,0,0,-8.089,36.232,0.410913683,20,0,0.47,0,0,0,525.384,298.129,280.039,232.694,201.208,196.63,185.684,179.878,152.405,142.37,525.384,298.129,280.039,232.694,201.208,196.63,185.684,179.878,152.405,142.37,0,0,0,0,0,0,0,0,0,0,-1.67,-100,-100,0,PD
5:P12883:910:K:Q:3dtp:B:921:Q:ElectronMicroscopy:20.00A:0.00%,0,0,0,0,0,0,0,0,0,0,0,0,0,0,0,80.539,0.431801178,20,-0.41,0,1,0,0,525.384,298.129,280.039,232.694,201.208,196.63,185.684,179.878,152.405,142.37,525.384,298.129,280.039,232.694,201.208,196.63,185.684,179.878,152.405,142.37,0,0,0,0,0,0,0,0,0,0,-4.38,-100,-100,0,PD
6:P12883:1769:L:M:5wjb:D:1769:M:crystal:2.91A:25.10%,0,0,0,0,0,0,0,0,0,0,0,0,0,0,-47.877,7.886,0.535562729,20,0,0.27,0,0,0,49.045,48.059,20.234,14.462,13.361,11.022,10.762,9.828,9.583,8.765,49.045,48.059,20.234,14.462,13.361,11.022,10.762,9.828,9.583,8.765,0,0,0,0,0,0,0,0,0,0,-4.3,-100,-100,0,PD
6:P12883:1793:L:P:5wjb:D:1793:P:crystal:2.91A:25.10%,0,0,0,0,0,0,0,0,0,0,0,0,0,0,-45.857,18.459,0.612968941,20,0,0.6,0,0,0,49.045,48.059,20.234,14.462,13.361,11.022,10.762,9.828,9.583,8.765,49.045,48.059,20.234,14.462,13.361,11.022,10.762,9.828,9.583,8.765,0,0,0,0,0,0,0,0,0,0,2788.54,-100,2.9578,0,PD
6:P12883:227:L:V:5tby:B:227:V:ElectronMicroscopy:20.00A:0.00%,0,0,0,0,0,0,0,0,0,0,0,0,0,0,0,3.196,1,20,-0.01,0,0,0,0,1194.99,424.288,395.919,290.83,267.986,262.411,218.258,215.334,211.317,205.282,1194.99,424.288,397.415,290.83,267.986,262.411,218.258,215.334,211.317,205.282,0,0,-1.496,0,0,0,0,0,0,0,-2.83,-100,-100,0,PD
6:P12883:246:K:Q:4pa0:B:246:Q:crystal:2.25A:20.30%,0,0,0,0,0,0,0,0,0,0,0,0,0,0,0,9.02,0.80648447,20,-0.41,0,1,0,0,495.316,250.645,190.68,167.761,163.751,151.041,144.767,135.919,132.308,124.602,495.316,250.645,190.68,167.761,163.751,151.041,144.767,135.919,132.308,124.602,0,0,0,0,0,0,0,0,0,0,-9.12,-100,-100,0,PD
6:P12883:270:K:R:4pa0:B:270:R:crystal:2.25A:20.30%,0,0,0,0,0,0,0,0,0,0,0,0,0,0,0,16.603,1,11.21,0,0.7,0,0,2.251,493.065,250.645,190.68,167.761,163.751,156.614,144.767,135.919,132.308,124.602,495.316,250.645,190.68,167.761,163.751,151.041,144.767,135.919,132.308,124.602,-2.251,0,0,0,0,5.573,0,0,0,0,-4.64,-100,-100,0,PD
6:P12883:301:L:Q:4pa0:B:301:Q:crystal:2.25A:20.30%,0,0,0,0,0,0,0,0,0,0,0,0,0,0,0,0,0.458156517,20,0,1.22,0,0,0,495.316,250.645,192.618,190.68,167.761,151.041,144.767,135.919,132.308,124.602,495.316,250.645,190.68,167.761,163.751,151.041,144.767,135.919,132.308,124.602,0,0,1.938,22.919,4.01,0,0,0,0,0,-13.76,-100,-100,0,PD
6:P12883:302:L:M:4pa0:B:302:M:crystal:2.25A:20.30%,0,0,0,0,0,0,0,0,0,0,0,0,0,0,0,37.657,1,20,0,0.27,0,0,0,495.316,250.645,190.68,167.761,163.751,151.041,144.767,135.919,132.308,124.602,495.316,250.645,190.68,167.761,163.751,151.041,144.767,135.919,132.308,124.602,0,0,0,0,0,0,0,0,0,0,-4.46,-100,-100,0,PD
6:P12883:351:K:E:4pa0:B:351:E:crystal:2.25A:20.30%,0,0,0,0,0,0,0,0,0,0,0,0,0,0,0,26.197,1,20,-0.48,0,2,0,0,495.316,250.645,190.68,167.761,163.751,151.041,144.767,135.919,132.308,124.602,495.316,250.645,190.68,167.761,163.751,151.041,144.767,135.919,132.308,124.602,0,0,0,0,0,0,0,0,0,0,-10.22,-100,-100,0,PD
6:P12883:383:K:N:4pa0:B:383:N:crystal:2.25A:20.30%,0,0,0,0,0,0,0,0,0,0,0,0,0,0,0,30.06,0.574265835,20,-0.46,0,1,0,0,495.316,250.645,190.68,167.761,163.751,151.041,144.767,135.919,132.308,124.602,495.316,250.645,190.68,167.761,163.751,151.041,144.767,135.919,132.308,124.602,0,0,0,0,0,0,0,0,0,0,-8.96,-100,-100,0,PD
6:P12883:390:L:P:4pa0:B:390:P:crystal:2.25A:20.30%,0,0,0,0,0,0,0,0,0,0,0,0,0,0,0,13.953,0.574265835,20,0,0.6,0,0,0,495.316,254.185,190.68,167.761,163.751,151.041,144.767,135.919,132.308,124.602,495.316,250.645,190.68,167.761,163.751,151.041,144.767,135.919,132.308,124.602,0,3.54,0,0,0,0,0,0,0,0,236.41,-100,4.0346,0,PD
6:P12883:390:L:V:4pa0:B:390:V:crystal:2.25A:20.30%,0,0,0,0,0,0,0,0,0,0,0,0,0,0,0,13.953,0.574265835,20,-0.01,0,0,0,0,495.316,250.645,190.68,167.761,163.751,155.568,151.041,144.767,135.919,132.308,495.316,250.645,190.68,167.761,163.751,151.041,144.767,135.919,132.308,124.602,0,0,0,0,0,4.527,6.274,8.848,3.611,7.706,-7.97,-100,-100,0,PD
6:P12883:427:L:M:4pa0:B:427:M:crystal:2.25A:20.30%,0,0,0,0,0,0,0,0,0,0,0,0,0,0,0,0.011,1,20,0,0.27,0,0,0,495.316,249.997,190.68,167.761,163.751,151.041,144.767,135.919,132.308,124.602,495.316,250.645,190.68,167.761,163.751,151.041,144.767,135.919,132.308,124.602,0,-0.648,0,0,0,0,0,0,0,0,-0.21,-100,-100,0,PD
6:P12883:450:K:E:4pa0:B:450:E:crystal:2.25A:20.30%,0,0,0,0,0,0,0,0,0,0,0,0,0,0,0,92.912,1,20,-0.48,0,2,0,0,495.316,250.645,190.68,167.761,163.751,151.041,144.767,135.919,132.308,124.602,495.316,250.645,190.68,167.761,163.751,151.041,144.767,135.919,132.308,124.602,0,0,0,0,0,0,0,0,0,0,-0.99,-100,-100,0,PD
6:P12883:450:K:T:4pa0:B:450:T:crystal:2.25A:20.30%,0,0,0,0,0,0,0,0,0,0,0,0,0,0,0,92.912,1,20,-0.92,0,1,0,0,495.316,250.645,190.68,167.761,163.751,151.041,144.767,135.919,132.308,124.602,495.316,250.645,190.68,167.761,163.751,151.041,144.767,135.919,132.308,124.602,0,0,0,0,0,0,0,0,0,0,-1.57,-100,-100,0,PD
6:P12883:484:K:N:4pa0:B:484:N:crystal:2.25A:20.30%,0,0,0,0,0,0,0,0,0,0,0,0,0,0,0,7.924,1,9.32,-0.46,0,1,0,0,495.316,250.645,190.68,167.761,163.751,151.041,144.767,135.919,132.308,124.522,495.316,250.645,190.68,167.761,163.751,151.041,144.767,135.919,132.308,124.602,0,0,0,0,0,0,0,0,0,-0.08,-9.16,-100,-100,0,PD
6:P12883:517:L:M:4pa0:B:517:M:crystal:2.25A:20.30%,0,0,0,0,0,0,0,0,0,0,0,0,0,0,-0.413,2.393,0.690375153,20,0,0.27,0,0,0,495.316,250.645,190.68,167.761,163.751,151.041,144.767,135.919,132.308,124.598,495.316,250.645,190.68,167.761,163.751,151.041,144.767,135.919,132.308,124.602,0,0,0,0,0,0,0,0,0,-0.004,-6.78,-100,-100,0,PD
6:P12883:542:K:R:4pa0:B:542:R:crystal:2.25A:20.30%,0,0,0,0,0,0,0,0,0,0,0,0,0,0,-14.997,21.461,0.612968941,20,0,0.7,0,0,0,495.316,250.645,190.68,167.761,163.751,151.041,144.767,135.919,132.308,124.602,495.316,250.645,190.68,167.761,163.751,151.041,144.767,135.919,132.308,124.602,0,0,0,0,0,0,0,0,0,0,-5.55,-100,-100,0,PD
6:P12883:601:L:F:4pa0:B:601:F:crystal:2.25A:20.30%,0,0,0,0,0,0,0,0,0,0,0,0,0,0,0,10.382,0.496859623,20,-0.08,0,0,0,0,495.316,250.645,190.68,167.761,163.751,151.041,144.767,135.919,132.308,124.602,495.316,250.645,190.68,167.761,163.751,151.041,144.767,135.919,132.308,124.602,0,0,0,0,0,0,0,0,0,0,26.99,-100,-100,0,PD
6:P12883:601:L:V:4pa0:B:601:V:crystal:2.25A:20.30%,0,0,0,0,0,0,0,0,0,0,0,0,0,0,0,10.382,0.496859623,20,-0.01,0,0,0,0,495.316,250.645,190.68,167.761,163.751,151.041,144.767,135.919,132.308,124.602,495.316,250.645,190.68,167.761,163.751,151.041,144.767,135.919,132.308,124.602,0,0,0,0,0,0,0,0,0,0,-4.42,-100,-100,0,PD
6:P12883:615:K:N:4pa0:B:615:N:crystal:2.25A:20.30%,0,0,0,0,0,0,0,0,0,0,0,0,0,0,0,74.954,0.575205815,20,-0.46,0,1,0,0,495.316,250.645,190.68,167.761,163.751,151.041,144.767,135.919,132.308,124.602,495.316,250.645,190.68,167.761,163.751,151.041,144.767,135.919,132.308,124.602,0,0,0,0,0,0,0,0,0,0,-2.98,-100,-100,0,PD
6:P12883:615:K:Q:4pa0:B:615:Q:crystal:2.25A:20.30%,0,0,0,0,0,0,0,0,0,0,0,0,0,0,0,74.954,0.575205815,20,-0.41,0,1,0,0,495.316,250.645,190.68,167.761,163.751,151.041,144.767,135.919,132.308,124.602,495.316,250.645,190.68,167.761,163.751,151.041,144.767,135.919,132.308,124.602,0,0,0,0,0,0,0,0,0,0,-1.07,-100,-100,0,PD
6:P12883:658:L:V:4pa0:B:658:V:crystal:2.25A:20.30%,0,0,0,0,0,0,0,0,0,0,0,0,0,0,0,2.114,0.690375153,20,-0.01,0,0,0,0,495.316,250.645,190.68,167.761,163.751,151.041,144.767,135.919,132.308,124.602,495.316,250.645,190.68,167.761,163.751,151.041,144.767,135.919,132.308,124.602,0,0,0,0,0,0,0,0,0,0,-3.45,-100,-100,0,PD
6:P12883:796:L:F:5tby:B:796:F:ElectronMicroscopy:20.00A:0.00%,0,0,0,0,0,0,0,0,0,0,0,0,0,0,-20.813,41.739,0.481529084,20,-0.08,0,0,0,0,1194.99,424.288,397.415,290.83,267.986,262.411,218.258,215.334,211.317,205.282,1194.99,424.288,397.415,290.83,267.986,262.411,218.258,215.334,211.317,205.282,0,0,0,0,0,0,0,0,0,0,-6.03,-100,-100,0,PD
6:P12883:835:K:T:5tby:B:835:T:ElectronMicroscopy:20.00A:0.00%,1,0,0,0,0,0,0,0,0,0,0,0,0,0,-28.753,36.74,0.535562729,10.37,-0.92,0,1,0,0,1194.99,424.288,397.415,290.83,267.986,262.411,218.258,215.334,211.317,205.282,1194.99,424.288,397.415,290.83,267.986,262.411,218.258,215.334,211.317,205.282,0,0,0,0,0,0,0,0,0,0,14.22,-100,-100,0,PD
6:P12883:847:K:E:4p7h:B:847:E:crystal:3.20A:22.90%,0,0,0,0,0,0,0,0,0,0,0,0,0,0,0,0.156,0.612968941,20,0,1.15,1,0,-95.825,708.97,613.145,352.632,229.701,224.453,222.702,206.969,186.615,185.598,165.595,613.145,377.405,352.632,229.701,224.453,222.702,206.969,186.615,185.598,165.595,95.825,235.74,0,0,0,0,0,0,0,0,-13.36,-100,-100,0,PD
6:P12883:865:K:R:4p7h:A:868:R:crystal:3.20A:22.90%,0,0,0,0,0,0,0,0,0,0,0,0,0,0,0,1.884,0.574265835,-20,0,1.4,0,0,0,709.624,671.578,564.914,419.844,328.913,303.341,194.964,192.61,185.963,185.305,709.624,671.578,564.914,419.844,328.913,303.341,194.964,192.61,185.963,185.305,0,0,0,0,0,0,0,0,0,0,-4.51,-100,-100,0,PD
6:P12883:889:L:H:4p7h:A:892:H:crystal:3.20A:22.90%,0,0,0,0,0,0,0,0,0,0,0,0,0,0,0,23.524,0.612968941,20,-0.24,0,-1,0,0,709.624,671.578,564.914,419.844,328.913,303.341,194.964,192.61,185.963,185.305,709.624,671.578,564.914,419.844,328.913,303.341,194.964,192.61,185.963,185.305,0,0,0,0,0,0,0,0,0,0,-9.92,-100,-100,0,PD
6:P12883:909:I:M:4p7h:A:912:M:crystal:3.20A:22.90%,0,0,0,0,0,0,0,0,0,0,0,0,0,0,0,3.296,0.690375153,20,0,0.27,0,0,38.046,671.578,564.914,419.844,364.196,328.913,303.341,194.964,192.61,185.963,185.305,709.624,671.578,564.914,419.844,328.913,303.341,194.964,192.61,185.963,185.305,-38.046,-106.664,-145.07,-55.648,0,0,0,0,0,0,-6.19,-100,-100,0,PD
6:P12883:910:K:Q:4p7h:A:913:Q:crystal:3.20A:22.90%,0,0,0,0,0,0,0,0,0,0,0,0,0,0,0,57.79,0.612968941,20,-0.41,0,1,0,0,709.624,671.578,564.914,419.844,328.913,303.341,194.964,192.61,185.963,185.305,709.624,671.578,564.914,419.844,328.913,303.341,194.964,192.61,185.963,185.305,0,0,0,0,0,0,0,0,0,0,-4.19,-100,-100,0,PD
7:P12883:1769:L:M:5wme:A:1769:M:crystal:2.30A:22.60%,0,0,0,0,0,0,0,0,0,0,0,0,0,0,-61.367,17.232,0.535562729,20,0,0.27,0,0,0,23.039,17.554,15.875,13.432,12.246,12.095,12.07,7.67,7.651,7.609,23.039,17.554,15.875,13.432,12.246,12.095,12.07,7.67,7.651,7.609,0,0,0,0,0,0,0,0,0,0,-1.22,-100,-100,0,PD
7:P12883:246:K:Q:5tby:A:246:Q:ElectronMicroscopy:20.00A:0.00%,0,0,0,0,0,0,0,0,0,0,0,0,0,0,0,4.087,0.80648447,20,-0.41,0,1,0,-2007.896,2664.356,656.46,332.312,304.338,189.475,155.964,122.956,86.483,84.523,80.63,656.46,614.732,332.312,303.007,189.475,155.964,128.932,119.052,86.483,84.523,2007.896,41.728,0,1.331,0,0,-5.976,-32.569,-1.96,-3.893,-9.2,-100,-100,0,PD
7:P12883:270:K:R:5tby:A:270:R:ElectronMicroscopy:20.00A:0.00%,0,0,0,0,0,0,0,0,0,0,0,0,0,0,0,25.229,1,20,0,0.7,0,0,0,656.46,614.884,332.312,303.007,189.475,155.964,128.932,119.052,86.483,84.523,656.46,614.732,332.312,303.007,189.475,155.964,128.932,119.052,86.483,84.523,0,0.152,0,0,0,0,0,0,0,0,-11.86,-100,-100,0,PD
7:P12883:301:L:Q:5tby:A:301:Q:ElectronMicroscopy:20.00A:0.00%,0,0,0,0,0,0,0,0,0,0,0,0,0,0,0,35.754,0.458156517,20,0,1.22,0,0,0,656.46,614.732,332.312,303.007,189.475,155.964,128.932,119.052,86.483,84.523,656.46,614.732,332.312,303.007,189.475,155.964,128.932,119.052,86.483,84.523,0,0,0,0,0,0,0,0,0,0,-7.05,-100,-100,0,PD
7:P12883:302:L:M:5tby:A:302:M:ElectronMicroscopy:20.00A:0.00%,0,0,0,0,0,0,0,0,0,0,0,0,0,0,0,51.349,1,20,0,0.27,0,0,0,656.46,614.732,332.312,303.007,189.475,155.964,128.932,119.052,86.483,84.523,656.46,614.732,332.312,303.007,189.475,155.964,128.932,119.052,86.483,84.523,0,0,0,0,0,0,0,0,0,0,-4.56,-100,-100,0,PD
7:P12883:351:K:E:5tby:A:351:E:ElectronMicroscopy:20.00A:0.00%,0,0,0,0,0,0,0,0,0,0,0,0,0,0,0,39.265,1,20,-0.48,0,2,0,0,656.46,614.732,332.312,303.007,189.475,155.964,128.932,119.052,86.483,84.523,656.46,614.732,332.312,303.007,189.475,155.964,128.932,119.052,86.483,84.523,0,0,0,0,0,0,0,0,0,0,-6.16,-100,-100,0,PD
7:P12883:383:K:N:5tby:A:383:N:ElectronMicroscopy:20.00A:0.00%,0,0,0,0,0,0,0,0,0,0,0,0,0,0,0,6.264,0.574265835,20,-0.46,0,1,0,0,656.46,614.732,332.312,303.007,189.475,155.964,128.932,119.052,86.483,84.523,656.46,614.732,332.312,303.007,189.475,155.964,128.932,119.052,86.483,84.523,0,0,0,0,0,0,0,0,0,0,-9.44,-100,-100,0,PD
7:P12883:390:L:P:5tby:A:390:P:ElectronMicroscopy:20.00A:0.00%,0,0,0,0,0,0,0,0,0,0,0,0,0,0,0,16.68,0.574265835,20,0,0.6,0,0,0,656.46,614.732,332.312,303.007,189.475,155.964,128.932,119.052,86.483,84.523,656.46,614.732,332.312,303.007,189.475,155.964,128.932,119.052,86.483,84.523,0,0,0,0,0,0,0,0,0,0,173.11,-100,1.2275,0,PD
7:P12883:390:L:V:5tby:A:390:V:ElectronMicroscopy:20.00A:0.00%,0,0,0,0,0,0,0,0,0,0,0,0,0,0,0,16.68,0.574265835,20,-0.01,0,0,0,0,656.46,614.732,332.312,303.007,189.475,155.964,128.932,119.052,86.483,84.523,656.46,614.732,332.312,303.007,189.475,155.964,128.932,119.052,86.483,84.523,0,0,0,0,0,0,0,0,0,0,-7.62,-100,-100,0,PD
7:P12883:427:L:M:5tby:A:427:M:ElectronMicroscopy:20.00A:0.00%,0,0,0,0,0,0,0,0,0,0,0,0,0,0,0,3.926,1,20,0,0.27,0,0,0,656.46,614.732,332.312,303.007,189.475,155.964,128.932,119.052,86.483,84.523,656.46,614.732,332.312,303.007,189.475,155.964,128.932,119.052,86.483,84.523,0,0,0,0,0,0,0,0,0,0,-4.03,-100,-100,0,PD
7:P12883:450:K:E:5tby:A:450:E:ElectronMicroscopy:20.00A:0.00%,0,0,0,0,0,0,0,0,0,0,0,0,0,0,0,51.199,1,20,-0.48,0,2,0,0,656.46,614.732,332.312,303.007,189.475,155.964,128.932,119.052,86.483,84.523,656.46,614.732,332.312,303.007,189.475,155.964,128.932,119.052,86.483,84.523,0,0,0,0,0,0,0,0,0,0,-6.91,-100,-100,0,PD
7:P12883:450:K:T:5tby:A:450:T:ElectronMicroscopy:20.00A:0.00%,0,0,0,0,0,0,0,0,0,0,0,0,0,0,0,51.199,1,20,-0.92,0,1,0,0,656.46,614.732,332.312,303.007,189.475,155.964,128.932,119.052,86.483,84.523,656.46,614.732,332.312,303.007,189.475,155.964,128.932,119.052,86.483,84.523,0,0,0,0,0,0,0,0,0,0,-5.29,-100,-100,0,PD
7:P12883:484:K:N:5tby:A:484:N:ElectronMicroscopy:20.00A:0.00%,0,0,0,0,0,0,0,0,0,0,0,0,0,0,0,22.059,1,20,-0.46,0,1,0,0,656.46,614.732,332.312,303.007,189.475,155.964,128.932,119.052,86.483,84.523,656.46,614.732,332.312,303.007,189.475,155.964,128.932,119.052,86.483,84.523,0,0,0,0,0,0,0,0,0,0,-5.68,-100,-100,0,PD
7:P12883:517:L:M:5tby:A:517:M:ElectronMicroscopy:20.00A:0.00%,0,0,0,0,0,0,0,0,0,0,0,0,0,0,0,20.557,0.690375153,20,0,0.27,0,0,0,656.46,614.732,332.312,303.007,189.475,155.964,128.932,119.052,86.483,84.523,656.46,614.732,332.312,303.007,189.475,155.964,128.932,119.052,86.483,84.523,0,0,0,0,0,0,0,0,0,0,-7.99,-100,-100,0,PD
7:P12883:542:K:R:5tby:A:542:R:ElectronMicroscopy:20.00A:0.00%,0,0,0,0,0,0,0,0,0,0,0,0,0,0,0,43.527,0.612968941,14.98,0,0.7,0,0,0,656.46,614.732,332.312,303.007,189.475,155.964,128.932,119.052,86.483,84.523,656.46,614.732,332.312,303.007,189.475,155.964,128.932,119.052,86.483,84.523,0,0,0,0,0,0,0,0,0,0,-6.17,-100,-100,0,PD
7:P12883:601:L:F:5tby:A:601:F:ElectronMicroscopy:20.00A:0.00%,0,0,0,0,0,0,0,0,0,0,0,0,0,0,0,10.278,0.496859623,20,-0.08,0,0,0,0,656.46,614.732,332.312,303.007,189.475,155.964,128.932,119.052,86.483,84.523,656.46,614.732,332.312,303.007,189.475,155.964,128.932,119.052,86.483,84.523,0,0,0,0,0,0,0,0,0,0,-15.8,-100,-100,0,PD
7:P12883:601:L:V:5tby:A:601:V:ElectronMicroscopy:20.00A:0.00%,0,0,0,0,0,0,0,0,0,0,0,0,0,0,0,10.278,0.496859623,20,-0.01,0,0,0,0,656.46,614.732,332.312,303.007,189.475,155.964,128.932,119.052,86.483,84.523,656.46,614.732,332.312,303.007,189.475,155.964,128.932,119.052,86.483,84.523,0,0,0,0,0,0,0,0,0,0,-4.45,-100,-100,0,PD
7:P12883:615:K:N:5tby:A:615:N:ElectronMicroscopy:20.00A:0.00%,0,0,0,0,0,0,0,0,0,0,0,0,0,0,0,82.167,0.575205815,20,-0.46,0,1,0,0,656.46,614.732,332.312,303.007,189.475,155.964,128.932,119.052,86.483,84.523,656.46,614.732,332.312,303.007,189.475,155.964,128.932,119.052,86.483,84.523,0,0,0,0,0,0,0,0,0,0,-1.95,-100,-100,0,PD
7:P12883:615:K:Q:5tby:A:615:Q:ElectronMicroscopy:20.00A:0.00%,0,0,0,0,0,0,0,0,0,0,0,0,0,0,0,82.167,0.575205815,20,-0.41,0,1,0,0,656.46,614.732,332.312,303.007,189.475,155.964,128.932,119.052,86.483,84.523,656.46,614.732,332.312,303.007,189.475,155.964,128.932,119.052,86.483,84.523,0,0,0,0,0,0,0,0,0,0,-1.46,-100,-100,0,PD
7:P12883:658:L:V:5tby:A:658:V:ElectronMicroscopy:20.00A:0.00%,0,0,0,0,0,0,0,0,0,0,0,0,0,0,0,18.829,0.690375153,20,-0.01,0,0,0,0,656.46,614.732,332.312,289.664,189.475,155.964,128.932,119.052,86.483,84.523,656.46,614.732,332.312,303.007,189.475,155.964,128.932,119.052,86.483,84.523,0,0,0,-13.343,0,0,0,0,0,0,-1.78,-100,-100,0,PD
7:P12883:847:K:E:4pa0:A:847:E:crystal:2.25A:20.30%,0,0,0,0,0,0,0,0,0,0,0,0,0,0,0,0.125,0.612968941,20,0,1.15,1,0,0,402.271,354.319,349.151,306.528,264.459,255.601,215.18,190.779,151.526,147.958,402.271,355.907,349.151,306.528,264.459,255.601,215.18,190.779,151.526,147.958,0,-1.588,0,0,0,0,0,0,0,0,-14.33,-100,-100,0,PD
7:P12883:865:K:R:4p7h:B:868:R:crystal:3.20A:22.90%,0,0,0,0,0,0,0,0,0,0,0,0,0,0,0,13.143,0.574265835,-20,0,1.4,0,0,0,613.145,377.405,352.632,229.701,224.453,222.702,206.969,186.615,185.598,165.595,613.145,377.405,352.632,229.701,224.453,222.702,206.969,186.615,185.598,165.595,0,0,0,0,0,0,0,0,0,0,-10.52,-100,-100,0,PD
7:P12883:889:L:H:4p7h:B:892:H:crystal:3.20A:22.90%,0,0,0,0,0,0,0,0,0,0,0,0,0,0,0,17.114,0.612968941,20,-0.24,0,-1,0,0,613.145,376.27,352.632,229.701,224.453,222.702,206.969,186.615,185.598,165.595,613.145,377.405,352.632,229.701,224.453,222.702,206.969,186.615,185.598,165.595,0,-1.135,0,0,0,0,0,0,0,0,-11.33,-100,-100,0,PD
7:P12883:909:I:M:4p7h:B:912:M:crystal:3.20A:22.90%,0,0,0,0,0,0,0,0,0,0,0,0,0,0,0,3.806,0.690375153,20,0,0.27,0,0,0,613.145,352.632,320.837,229.701,224.453,222.702,206.969,186.615,185.598,168.341,613.145,377.405,352.632,229.701,224.453,222.702,206.969,186.615,185.598,165.595,0,-24.773,-31.795,0,0,0,0,0,0,2.746,-8.15,-100,-100,0,PD
7:P12883:910:K:Q:4p7h:B:913:Q:crystal:3.20A:22.90%,0,0,0,0,0,0,0,0,0,0,0,0,0,0,0,63.767,0.612968941,20,-0.41,0,1,0,0,613.145,377.405,352.632,229.701,224.453,222.702,206.969,186.615,185.598,165.595,613.145,377.405,352.632,229.701,224.453,222.702,206.969,186.615,185.598,165.595,0,0,0,0,0,0,0,0,0,0,-3.41,-100,-100,0,PD
8:P12883:1769:L:M:5wme:B:1769:M:crystal:2.30A:22.60%,0,0,0,0,0,0,0,0,0,0,0,0,0,0,-66.478,6.233,0.535562729,20,0,0.27,0,0,1.889,29.673,24.272,17.097,14.849,13.982,10.125,8.736,8.344,7.881,7.278,31.562,20.269,19.182,12.333,11.009,10.459,10.278,9.99,9.866,9.539,-1.889,4.003,-2.085,2.516,2.973,-0.334,-1.542,-1.646,-1.985,-2.261,-3.79,-100,-100,0,PD
8:P12883:246:K:Q:5tby:B:246:Q:ElectronMicroscopy:20.00A:0.00%,0,0,0,0,0,0,0,0,0,0,0,0,0,0,0,3.518,0.80648447,14.03,-0.41,0,1,0,0,1194.99,424.288,397.415,290.83,267.986,262.411,218.258,215.334,211.317,205.282,1194.99,424.288,397.415,290.83,267.986,262.411,218.258,215.334,211.317,205.282,0,0,0,0,0,0,0,0,0,0,-10.22,-100,-100,0,PD
8:P12883:270:K:R:5tby:B:270:R:ElectronMicroscopy:20.00A:0.00%,0,0,0,0,0,0,0,0,0,0,0,0,0,0,0,15.039,1,13.57,0,0.7,0,0,0,1194.99,424.288,397.415,290.83,267.986,262.411,218.258,215.334,211.317,205.282,1194.99,424.288,397.415,290.83,267.986,262.411,218.258,215.334,211.317,205.282,0,0,0,0,0,0,0,0,0,0,-11.17,-100,-100,0,PD
8:P12883:301:L:Q:5tby:B:301:Q:ElectronMicroscopy:20.00A:0.00%,0,0,0,0,0,0,0,0,0,0,0,0,0,0,0,10.389,0.458156517,20,0,1.22,0,0,0,1194.99,424.288,413.915,290.83,267.986,262.411,218.258,215.334,211.317,205.282,1194.99,424.288,397.415,290.83,267.986,262.411,218.258,215.334,211.317,205.282,0,0,16.5,0,0,0,0,0,0,0,-10.85,-100,-100,0,PD
8:P12883:302:L:M:5tby:B:302:M:ElectronMicroscopy:20.00A:0.00%,0,0,0,0,0,0,0,0,0,0,0,0,0,0,-10.66,14.567,1,20,0,0.27,0,0,0,1194.99,424.288,397.415,290.83,267.986,262.411,218.258,215.334,211.317,205.282,1194.99,424.288,397.415,290.83,267.986,262.411,218.258,215.334,211.317,205.282,0,0,0,0,0,0,0,0,0,0,-4.9,-100,-100,0,PD
8:P12883:351:K:E:5tby:B:351:E:ElectronMicroscopy:20.00A:0.00%,0,0,0,0,0,0,0,0,0,0,0,0,0,0,0,23.231,1,20,-0.48,0,2,0,0,1194.99,424.288,396.512,290.83,268.01,262.411,218.258,215.334,211.317,205.282,1194.99,424.288,397.415,290.83,267.986,262.411,218.258,215.334,211.317,205.282,0,0,-0.903,0,0.024,0,0,0,0,0,-8.3,-100,-100,0,PD
8:P12883:383:K:N:5tby:B:383:N:ElectronMicroscopy:20.00A:0.00%,0,0,0,0,0,0,0,0,0,0,0,0,0,0,0,12.901,0.574265835,20,-0.46,0,1,0,0,1194.99,424.288,397.415,290.83,267.986,261.929,218.258,215.334,211.317,205.282,1194.99,424.288,397.415,290.83,267.986,262.411,218.258,215.334,211.317,205.282,0,0,0,0,0,-0.482,0,0,0,0,-9.66,-100,-100,0,PD
8:P12883:390:L:P:5tby:B:390:P:ElectronMicroscopy:20.00A:0.00%,0,0,0,0,0,0,0,0,0,0,0,0,0,0,-3.696,2.027,0.574265835,20,0,0.6,0,0,0,1194.99,424.288,397.415,290.83,271.927,219.925,215.334,211.317,205.282,168.77,1194.99,424.288,397.415,290.83,267.986,262.411,218.258,215.334,211.317,205.282,0,0,0,0,3.941,-42.486,-2.924,-4.017,-6.035,-36.512,25.65,-100,3.0061,0,PD
8:P12883:390:L:V:5tby:B:390:V:ElectronMicroscopy:20.00A:0.00%,0,0,0,0,0,0,0,0,0,0,0,0,0,0,-3.696,2.027,0.574265835,20,-0.01,0,0,0,0,1194.99,424.288,397.415,290.83,281.579,244.843,222.836,215.334,211.317,205.282,1194.99,424.288,397.415,290.83,267.986,262.411,218.258,215.334,211.317,205.282,0,0,0,0,13.593,-17.568,4.578,0,0,0,-8.59,-100,-100,0,PD
8:P12883:427:L:M:5tby:B:427:M:ElectronMicroscopy:20.00A:0.00%,0,0,0,0,0,0,0,0,0,0,0,0,0,0,0,3.291,1,20,0,0.27,0,0,0,1194.99,494.089,424.288,397.415,290.83,267.986,215.334,211.317,205.282,168.77,1194.99,424.288,397.415,290.83,267.986,262.411,218.258,215.334,211.317,205.282,0,69.801,26.873,106.585,22.844,5.575,-2.924,-4.017,-6.035,-36.512,-2.63,-100,-100,0,PD
8:P12883:450:K:E:5tby:B:450:E:ElectronMicroscopy:20.00A:0.00%,0,0,0,0,0,0,0,0,0,0,0,0,0,0,-5.453,79.737,1,20,-0.48,0,2,0,0,1194.99,424.288,397.415,290.83,267.986,262.411,218.258,215.334,211.317,205.282,1194.99,424.288,397.415,290.83,267.986,262.411,218.258,215.334,211.317,205.282,0,0,0,0,0,0,0,0,0,0,-5.7,-100,-100,0,PD
8:P12883:450:K:T:5tby:B:450:T:ElectronMicroscopy:20.00A:0.00%,0,0,0,0,0,0,0,0,0,0,0,0,0,0,-5.453,79.737,1,20,-0.92,0,1,0,0,1194.99,424.288,397.415,290.83,267.986,262.411,218.258,215.334,211.317,205.282,1194.99,424.288,397.415,290.83,267.986,262.411,218.258,215.334,211.317,205.282,0,0,0,0,0,0,0,0,0,0,-2.65,-100,-100,0,PD
8:P12883:484:K:N:5tby:B:484:N:ElectronMicroscopy:20.00A:0.00%,0,0,0,0,0,0,0,0,0,0,0,0,0,0,0,2.308,1,7.51,-0.46,0,1,0,0,1194.99,424.288,397.415,290.83,267.986,262.411,218.258,215.334,211.317,205.282,1194.99,424.288,397.415,290.83,267.986,262.411,218.258,215.334,211.317,205.282,0,0,0,0,0,0,0,0,0,0,-4.69,-100,-100,0,PD
8:P12883:517:L:M:5tby:B:517:M:ElectronMicroscopy:20.00A:0.00%,0,0,0,0,0,0,0,0,0,0,0,0,0,0,0,2.204,0.690375153,20,0,0.27,0,0,0,1194.99,424.288,397.415,290.83,267.986,262.411,218.258,215.334,211.317,205.282,1194.99,424.288,397.415,290.83,267.986,262.411,218.258,215.334,211.317,205.282,0,0,0,0,0,0,0,0,0,0,-6.18,-100,-100,0,PD
8:P12883:542:K:R:5tby:B:542:R:ElectronMicroscopy:20.00A:0.00%,0,0,0,0,0,0,0,0,0,0,0,0,0,0,0,92.43,0.612968941,20,0,0.7,0,0,0,1194.99,424.288,397.415,290.83,267.986,262.411,218.258,215.334,211.317,205.282,1194.99,424.288,397.415,290.83,267.986,262.411,218.258,215.334,211.317,205.282,0,0,0,0,0,0,0,0,0,0,-7.08,-100,-100,0,PD
8:P12883:601:L:F:5tby:B:601:F:ElectronMicroscopy:20.00A:0.00%,0,0,0,0,0,0,0,0,0,0,0,0,0,0,0,19.963,0.496859623,20,-0.08,0,0,0,0,1194.99,986.541,424.288,397.415,290.83,215.334,211.317,205.282,168.77,135.234,1194.99,424.288,397.415,290.83,267.986,262.411,218.258,215.334,211.317,205.282,0,562.253,26.873,106.585,22.844,-47.077,-6.941,-10.052,-42.547,-70.048,7.6,-100,-100,0,PD
8:P12883:601:L:V:5tby:B:601:V:ElectronMicroscopy:20.00A:0.00%,0,0,0,0,0,0,0,0,0,0,0,0,0,0,0,19.963,0.496859623,20,-0.01,0,0,0,0,1194.99,424.288,397.415,290.83,267.986,248.531,233.137,215.334,211.317,205.282,1194.99,424.288,397.415,290.83,267.986,262.411,218.258,215.334,211.317,205.282,0,0,0,0,0,-13.88,14.879,0,0,0,-6.96,-100,-100,0,PD
8:P12883:615:K:N:5tby:B:615:N:ElectronMicroscopy:20.00A:0.00%,0,0,0,0,0,0,0,0,0,0,0,0,0,0,-12.147,54.944,0.575205815,20,-0.46,0,1,0,0,1194.99,424.288,397.415,290.83,267.986,262.411,218.258,215.334,211.317,205.282,1194.99,424.288,397.415,290.83,267.986,262.411,218.258,215.334,211.317,205.282,0,0,0,0,0,0,0,0,0,0,-2.91,-100,-100,0,PD
8:P12883:615:K:Q:5tby:B:615:Q:ElectronMicroscopy:20.00A:0.00%,0,0,0,0,0,0,0,0,0,0,0,0,0,0,-12.147,54.944,0.575205815,20,-0.41,0,1,0,0,1194.99,424.288,397.415,290.83,267.986,262.411,218.258,215.334,211.317,205.282,1194.99,424.288,397.415,290.83,267.986,262.411,218.258,215.334,211.317,205.282,0,0,0,0,0,0,0,0,0,0,-2.82,-100,-100,0,PD
8:P12883:658:L:V:5tby:B:658:V:ElectronMicroscopy:20.00A:0.00%,0,0,0,0,0,0,0,0,0,0,0,0,0,0,0,13.37,0.690375153,20,-0.01,0,0,0,0,1194.99,424.288,397.415,290.83,267.986,262.411,218.258,215.334,211.317,205.282,1194.99,424.288,397.415,290.83,267.986,262.411,218.258,215.334,211.317,205.282,0,0,0,0,0,0,0,0,0,0,-6.34,-100,-100,0,PD
8:P12883:847:K:E:4pa0:B:861:E:crystal:2.25A:20.30%,0,0,0,0,0,0,0,0,0,0,0,0,0,0,0,17.265,0.612968941,17.86,0,0.64,1,0,0,495.316,250.645,190.68,167.761,163.751,151.041,144.767,135.919,132.308,124.602,495.316,250.645,190.68,167.761,163.751,151.041,144.767,135.919,132.308,124.602,0,0,0,0,0,0,0,0,0,0,-11.83,-100,-100,0,PD
8:P12883:865:K:R:4pa0:A:868:R:crystal:2.25A:20.30%,0,0,0,0,0,0,0,0,0,0,0,0,0,0,0,13.713,0.574265835,-20,0,1.4,0,0,0,402.271,355.907,349.151,306.528,264.459,255.601,215.18,190.779,151.526,147.958,402.271,355.907,349.151,306.528,264.459,255.601,215.18,190.779,151.526,147.958,0,0,0,0,0,0,0,0,0,0,-9.46,-100,-100,0,PD
8:P12883:889:L:H:4pa0:A:892:H:crystal:2.25A:20.30%,0,0,0,0,0,0,0,0,0,0,0,0,0,0,0,25.092,0.612968941,20,-0.24,0,-1,0,0,402.271,355.907,349.151,306.528,264.459,255.601,215.18,190.779,151.526,147.958,402.271,355.907,349.151,306.528,264.459,255.601,215.18,190.779,151.526,147.958,0,0,0,0,0,0,0,0,0,0,-10.51,-100,-100,0,PD
8:P12883:909:I:M:4pa0:A:912:M:crystal:2.25A:20.30%,0,0,0,0,0,0,0,0,0,0,0,0,0,0,0,4.606,0.690375153,20,0,0.27,0,0,0,402.271,349.151,306.528,264.459,255.601,215.18,198.833,190.779,184.522,153.568,402.271,355.907,349.151,306.528,264.459,255.601,215.18,190.779,151.526,147.958,0,-6.756,-42.623,-42.069,-8.858,-40.421,-16.347,0,32.996,5.61,-0.72,-100,-100,0,PD
8:P12883:910:K:Q:4pa0:A:913:Q:crystal:2.25A:20.30%,0,0,0,0,0,0,0,0,0,0,0,0,0,0,0,24.249,0.612968941,20,-0.41,0,1,0,0,402.271,355.907,349.151,306.528,264.459,255.601,215.18,190.779,151.526,147.958,402.271,355.907,349.151,306.528,264.459,255.601,215.18,190.779,151.526,147.958,0,0,0,0,0,0,0,0,0,0,-1.13,-100,-100,0,PD
9:P12883:1769:L:M:5wme:C:1769:M:crystal:2.30A:22.60%,0,0,0,0,0,0,0,0,0,0,0,0,0,0,-61.463,2.453,0.535562729,20,0,0.27,0,0,0,32.784,26.342,18.258,16.141,12.051,9.552,9.392,8.944,8.758,8.314,32.784,26.342,18.258,16.141,12.051,9.552,9.392,8.944,8.758,8.314,0,0,0,0,0,0,0,0,0,0,-4.06,-100,-100,0,PD
9:P12883:847:K:E:5tby:A:847:E:ElectronMicroscopy:20.00A:0.00%,0,0,0,0,0,0,0,0,0,0,0,0,0,0,0,75.153,0.612968941,20,-0.48,0,2,0,0,656.46,614.732,332.312,303.007,189.475,155.964,128.932,119.052,86.483,84.523,656.46,614.732,332.312,303.007,189.475,155.964,128.932,119.052,86.483,84.523,0,0,0,0,0,0,0,0,0,0,-8.77,-100,-100,0,PD
9:P12883:865:K:R:4pa0:B:879:R:crystal:2.25A:20.30%,0,0,0,0,0,0,0,0,0,0,0,0,0,0,0,2.692,0.574265835,-20,0,1.82,-1,0,0,495.316,273.426,250.645,190.68,167.761,163.751,151.041,144.767,130.237,124.602,495.316,250.645,190.68,167.761,163.751,151.041,144.767,135.919,132.308,124.602,0,22.781,59.965,22.919,4.01,12.71,6.274,8.848,-2.071,0,-14.97,-100,-100,0,PD
9:P12883:889:L:H:4pa0:B:910:H:crystal:2.25A:20.30%,0,0,0,0,0,0,0,0,0,0,0,0,0,0,0,5.788,0.612968941,20,0,1.13,-1,0,0,495.316,250.645,190.68,167.761,163.751,151.041,144.767,135.919,132.308,124.602,495.316,250.645,190.68,167.761,163.751,151.041,144.767,135.919,132.308,124.602,0,0,0,0,0,0,0,0,0,0,-11.33,-100,-100,0,PD
9:P12883:909:I:M:4pa0:B:945:M:crystal:2.25A:20.30%,0,0,0,0,0,0,0,0,0,0,0,0,0,0,0,34.748,0.690375153,20,-1.36,0,1,0,0,495.316,250.645,190.68,167.761,163.751,151.041,144.767,135.919,132.308,124.602,495.316,250.645,190.68,167.761,163.751,151.041,144.767,135.919,132.308,124.602,0,0,0,0,0,0,0,0,0,0,-2.81,-100,-100,0,PD
9:P12883:910:K:Q:4pa0:B:946:Q:crystal:2.25A:20.30%,0,0,0,0,0,0,0,0,0,0,0,0,0,0,0,64.525,0.612968941,20,0,0.05,0,0,0,495.316,250.645,190.68,167.761,163.751,151.041,144.767,135.919,132.308,124.602,495.316,250.645,190.68,167.761,163.751,151.041,144.767,135.919,132.308,124.602,0,0,0,0,0,0,0,0,0,0,-2.38,-100,-100,0,PD
1:P12883:201:I:S:4db1:A:201:S:crystal:2.60A:21.20%,0,0,0,0,0,0,0,0,0,0,0,0,0,0,-53.281,21.189,1,20,0,0.99,0,0,0,391.098,338.983,330.793,312.863,227.105,204.39,200.459,167.905,153.97,138.447,391.098,338.983,330.793,312.863,227.105,204.39,200.459,167.905,153.97,138.447,0,0,0,0,0,0,0,0,0,0,-1.35,-100,-100,0,SNP
2:P12883:201:I:S:4db1:B:201:S:crystal:2.60A:21.20%,0,0,0,0,0,0,0,0,0,0,0,0,0,0,-53.883,17.863,1,20,0,0.99,0,0,0,737.467,275.804,271.089,261.862,258.205,223.051,209.876,202.251,188.198,171.865,737.467,284.807,271.089,261.862,258.205,223.051,209.876,202.251,188.198,171.865,0,-9.003,0,0,0,0,0,0,0,0,-1.67,-100,-100,0,SNP
3:P12883:201:I:S:4pa0:B:201:S:crystal:2.25A:20.30%,0,0,0,0,0,0,0,0,0,0,0,0,0,0,0,64.313,1,20,0,0.99,0,0,0,495.316,250.645,190.68,167.761,163.751,151.041,144.767,135.919,132.308,124.602,495.316,250.645,190.68,167.761,163.751,151.041,144.767,135.919,132.308,124.602,0,0,0,0,0,0,0,0,0,0,-1.08,-100,-100,0,SNP
4:P12883:201:I:S:5tby:A:201:S:ElectronMicroscopy:20.00A:0.00%,0,0,0,0,0,0,0,0,0,0,0,0,0,0,0,70.631,1,20,0,0.99,0,0,0,656.46,614.732,332.312,303.007,189.475,155.964,128.932,119.052,86.483,84.523,656.46,614.732,332.312,303.007,189.475,155.964,128.932,119.052,86.483,84.523,0,0,0,0,0,0,0,0,0,0,-1.92,-100,-100,0,SNP
5:P12883:201:I:S:5tby:B:201:S:ElectronMicroscopy:20.00A:0.00%,0,0,0,0,0,0,0,0,0,0,0,0,0,0,-0.978,69.273,1,20,0,0.99,0,0,0,1194.99,424.288,397.415,290.83,267.986,262.411,218.258,215.334,211.317,205.282,1194.99,424.288,397.415,290.83,267.986,262.411,218.258,215.334,211.317,205.282,0,0,0,0,0,0,0,0,0,0,-2.01,-100,-100,0,SNP
1:P12883:323:I:S:4db1:A:323:S:crystal:2.60A:21.20%,0,0,0,0,0,0,0,0,0,0,0,0,0,0,0,16.818,1,20,0,0.99,0,0,0,391.098,338.983,330.793,312.863,227.105,204.39,200.459,167.905,153.97,138.447,391.098,338.983,330.793,312.863,227.105,204.39,200.459,167.905,153.97,138.447,0,0,0,0,0,0,0,0,0,0,-3.88,-100,-100,0,SNP
2:P12883:323:I:S:4db1:B:323:S:crystal:2.60A:21.20%,0,0,0,0,0,0,0,0,0,0,0,0,0,0,0,20.245,1,20,0,0.99,0,0,0,737.467,284.807,271.089,261.862,258.205,223.051,209.876,202.251,188.198,171.865,737.467,284.807,271.089,261.862,258.205,223.051,209.876,202.251,188.198,171.865,0,0,0,0,0,0,0,0,0,0,-3.58,-100,-100,0,SNP
3:P12883:323:I:S:4p7h:A:323:S:crystal:3.20A:22.90%,0,0,0,0,0,0,0,0,0,0,0,0,0,0,0,14.988,1,20,0,0.99,0,0,0,709.624,671.578,564.914,419.844,328.913,303.341,194.964,192.61,185.963,185.305,709.624,671.578,564.914,419.844,328.913,303.341,194.964,192.61,185.963,185.305,0,0,0,0,0,0,0,0,0,0,-4.04,-100,-100,0,SNP
4:P12883:323:I:S:4p7h:B:323:S:crystal:3.20A:22.90%,0,0,0,0,0,0,0,0,0,0,0,0,0,0,0,13.248,1,20,0,0.99,0,0,0,613.145,377.405,352.632,229.701,224.453,222.702,206.969,186.615,185.598,165.595,613.145,377.405,352.632,229.701,224.453,222.702,206.969,186.615,185.598,165.595,0,0,0,0,0,0,0,0,0,0,-4.1,-100,-100,0,SNP
5:P12883:323:I:S:4pa0:A:323:S:crystal:2.25A:20.30%,0,0,0,0,0,0,0,0,0,0,0,0,0,0,0,15.663,1,20,0,0.99,0,0,0,402.271,355.907,349.151,306.528,264.459,255.601,215.18,190.779,151.526,147.958,402.271,355.907,349.151,306.528,264.459,255.601,215.18,190.779,151.526,147.958,0,0,0,0,0,0,0,0,0,0,-4.09,-100,-100,0,SNP
6:P12883:323:I:S:4pa0:B:323:S:crystal:2.25A:20.30%,0,0,0,0,0,0,0,0,0,0,0,0,0,0,0,16.679,1,20,0,0.99,0,0,0,495.316,250.645,190.68,167.761,163.751,151.041,144.767,135.919,132.308,124.602,495.316,250.645,190.68,167.761,163.751,151.041,144.767,135.919,132.308,124.602,0,0,0,0,0,0,0,0,0,0,-3.97,-100,-100,0,SNP
7:P12883:323:I:S:5tby:A:323:S:ElectronMicroscopy:20.00A:0.00%,0,0,0,0,0,0,0,0,0,0,0,0,0,0,0,45.41,1,20,0,0.99,0,0,0,656.46,614.732,332.312,303.007,189.475,155.964,128.932,119.052,86.483,84.523,656.46,614.732,332.312,303.007,189.475,155.964,128.932,119.052,86.483,84.523,0,0,0,0,0,0,0,0,0,0,-2.31,-100,-100,0,SNP
8:P12883:323:I:S:5tby:B:323:S:ElectronMicroscopy:20.00A:0.00%,0,0,0,0,0,0,0,0,0,0,0,0,0,0,0,50.109,1,20,0,0.99,0,0,0,1194.99,424.288,397.415,290.83,267.986,262.411,218.258,215.334,211.317,205.282,1194.99,424.288,397.415,290.83,267.986,262.411,218.258,215.334,211.317,205.282,0,0,0,0,0,0,0,0,0,0,-2.51,-100,-100,0,SNP
1:P12883:724:I:T:4p7h:A:724:T:crystal:3.20A:22.90%,0,0,0,0,0,0,0,0,0,0,0,0,0,0,0,28.287,1,20,0,0.91,0,0,0,709.624,671.578,564.914,419.844,328.913,303.341,194.964,192.61,185.963,185.305,709.624,671.578,564.914,419.844,328.913,303.341,194.964,192.61,185.963,185.305,0,0,0,0,0,0,0,0,0,0,-3.91,-100,-100,0,SNP
2:P12883:724:I:T:4pa0:A:724:T:crystal:2.25A:20.30%,0,0,0,0,0,0,0,0,0,0,0,0,0,0,0,15.513,1,20,0,0.91,0,0,0,402.271,355.907,349.151,306.528,264.459,255.601,215.18,190.779,151.526,147.958,402.271,355.907,349.151,306.528,264.459,255.601,215.18,190.779,151.526,147.958,0,0,0,0,0,0,0,0,0,0,-4.06,-100,-100,0,SNP
3:P12883:724:I:T:4pa0:B:724:T:crystal:2.25A:20.30%,0,0,0,0,0,0,0,0,0,0,0,0,0,0,0,61.467,1,20,0,0.91,0,0,0,495.316,250.645,190.68,167.761,163.751,151.041,144.767,135.919,132.308,124.602,495.316,250.645,190.68,167.761,163.751,151.041,144.767,135.919,132.308,124.602,0,0,0,0,0,0,0,0,0,0,-2.21,-100,-100,0,SNP
4:P12883:724:I:T:5tby:A:724:T:ElectronMicroscopy:20.00A:0.00%,0,0,0,0,0,0,0,0,0,0,0,0,0,0,-41.291,7.045,1,20,0,0.91,0,0,0,656.46,614.732,332.312,303.007,189.475,155.964,128.932,119.052,86.483,84.523,656.46,614.732,332.312,303.007,189.475,155.964,128.932,119.052,86.483,84.523,0,0,0,0,0,0,0,0,0,0,-3.73,-100,-100,0,SNP
5:P12883:724:I:T:5tby:B:724:T:ElectronMicroscopy:20.00A:0.00%,0,0,0,0,0,0,0,0,0,0,0,0,0,0,-0.228,5.92,1,20,0,0.91,0,0,0,1194.99,424.288,397.415,290.83,267.986,262.411,218.258,215.334,211.317,205.282,1194.99,424.288,397.415,290.83,267.986,262.411,218.258,215.334,211.317,205.282,0,0,0,0,0,0,0,0,0,0,-7.14,-100,-100,0,SNP
1:P12883:913:I:T:2fxm:B:913:T:crystal:2.70A:24.20%,0,0,0,0,0,0,0,0,0,0,0,0,0,0,0,61.974,0.612968941,20,0,0.91,0,0,0,5.829,5.736,2.976,0,0,0,0,0,0,0,5.829,5.736,2.976,0,0,0,0,0,0,0,0,0,0,0,0,0,0,0,0,0,-3.5,-100,-100,0,SNP
2:P12883:913:I:T:2fxo:B:913:T:crystal:2.50A:27.70%,0,0,0,0,0,0,0,0,0,0,0,0,0,0,0,66.013,0.612968941,20,0,0.91,0,0,0,9.737,8.877,7.702,5.965,3.914,3.642,2.78,0,0,0,9.737,8.877,7.702,5.965,3.914,3.642,2.78,0,0,0,0,0,0,0,0,0,0,0,0,0,-3.35,-100,-100,0,SNP
3:P12883:913:I:T:2fxo:C:913:T:crystal:2.50A:27.70%,0,0,0,0,0,0,0,0,0,0,0,0,0,0,0,70.221,0.612968941,20,0,0.91,0,0,0,10.098,5.59,4.574,3.321,0,0,0,0,0,0,10.098,5.59,4.574,3.321,0,0,0,0,0,0,0,0,0,0,0,0,0,0,0,0,-0.87,-100,-100,0,SNP
4:P12883:913:I:T:3dtp:A:924:T:ElectronMicroscopy:20.00A:0.00%,0,0,0,0,0,0,0,0,0,0,0,0,0,0,0,64.631,0.616446207,20,0,0.91,0,0,0,770.254,657.136,652.882,273.035,270.671,244.437,236.248,227.549,173.492,164.999,770.254,657.136,652.882,273.035,270.671,244.437,236.248,227.549,173.492,164.999,0,0,0,0,0,0,0,0,0,0,-3.43,-100,-100,0,SNP
5:P12883:913:I:T:3dtp:B:924:T:ElectronMicroscopy:20.00A:0.00%,0,0,0,0,0,0,0,0,0,0,0,0,0,0,0,40.574,0.616446207,20,0,0.91,0,0,0,525.384,298.129,280.039,232.694,201.208,196.63,185.684,179.878,152.405,142.37,525.384,298.129,280.039,232.694,201.208,196.63,185.684,179.878,152.405,142.37,0,0,0,0,0,0,0,0,0,0,-4.4,-100,-100,0,SNP
6:P12883:913:I:T:4p7h:A:916:T:crystal:3.20A:22.90%,0,0,0,0,0,0,0,0,0,0,0,0,0,0,0,66.846,0.612968941,20,-0.54,0,-1,0,0,709.624,671.578,564.914,419.844,328.913,303.341,194.964,192.61,185.963,185.305,709.624,671.578,564.914,419.844,328.913,303.341,194.964,192.61,185.963,185.305,0,0,0,0,0,0,0,0,0,0,-0.27,-100,-100,0,SNP
7:P12883:913:I:T:4p7h:B:916:T:crystal:3.20A:22.90%,0,0,0,0,0,0,0,0,0,0,0,0,0,0,0,64.354,0.612968941,20,-0.54,0,-1,0,0,613.145,377.405,352.632,229.701,224.453,222.702,206.969,186.615,185.598,165.595,613.145,377.405,352.632,229.701,224.453,222.702,206.969,186.615,185.598,165.595,0,0,0,0,0,0,0,0,0,0,5.18,-100,-100,0,SNP
8:P12883:913:I:T:4pa0:A:916:T:crystal:2.25A:20.30%,0,0,0,0,0,0,0,0,0,0,0,0,0,0,0,66.86,0.612968941,20,-0.54,0,-1,0,0,402.271,355.907,349.151,306.528,264.459,255.601,215.18,190.779,151.526,147.958,402.271,355.907,349.151,306.528,264.459,255.601,215.18,190.779,151.526,147.958,0,0,0,0,0,0,0,0,0,0,0.72,-100,-100,0,SNP
9:P12883:913:I:T:4pa0:B:949:T:crystal:2.25A:20.30%,0,0,0,0,0,0,0,0,0,0,0,0,0,0,0,22.845,0.612968941,20,-0.92,0,1,0,0,495.316,250.645,190.68,167.761,163.751,151.041,144.767,135.919,132.308,124.602,495.316,250.645,190.68,167.761,163.751,151.041,144.767,135.919,132.308,124.602,0,0,0,0,0,0,0,0,0,0,-2.82,-100,-100,0,SNP
10:P12883:913:I:T:5tby:A:913:T:ElectronMicroscopy:20.00A:0.00%,0,0,0,0,0,0,0,0,0,0,0,0,0,0,0,57.812,0.612968941,20,0,0.91,0,0,0,656.46,614.732,332.312,303.007,189.475,155.964,128.932,119.052,86.483,84.523,656.46,614.732,332.312,303.007,189.475,155.964,128.932,119.052,86.483,84.523,0,0,0,0,0,0,0,0,0,0,-3.79,-100,-100,0,SNP
11:P12883:913:I:T:5tby:B:913:T:ElectronMicroscopy:20.00A:0.00%,0,0,0,0,0,0,0,0,0,0,0,0,0,0,0,24.476,0.612968941,20,0,0.91,0,0,0,1194.99,424.288,397.415,290.83,267.986,262.411,218.258,215.334,211.317,205.282,1194.99,424.288,397.415,290.83,267.986,262.411,218.258,215.334,211.317,205.282,0,0,0,0,0,0,0,0,0,0,-5.56,-100,-100,0,SNP
1:P12883:502:K:N:4db1:A:502:N:crystal:2.60A:21.20%,0,0,0,0,0,0,0,0,0,0,0,0,0,0,0,38.84,0.767781365,20,-0.46,0,1,0,0,391.098,338.983,330.793,312.863,227.105,204.39,200.459,167.905,153.97,138.447,391.098,338.983,330.793,312.863,227.105,204.39,200.459,167.905,153.97,138.447,0,0,0,0,0,0,0,0,0,0,-4.71,-100,-100,0,SNP
2:P12883:502:K:N:4db1:B:502:N:crystal:2.60A:21.20%,0,0,0,0,0,0,0,0,0,0,0,0,0,0,0,37.331,0.767781365,20,-0.46,0,1,0,0,737.467,284.807,271.089,261.862,258.205,223.051,209.876,202.251,188.198,171.865,737.467,284.807,271.089,261.862,258.205,223.051,209.876,202.251,188.198,171.865,0,0,0,0,0,0,0,0,0,0,-0.83,-100,-100,0,SNP
3:P12883:502:K:N:4p7h:A:502:N:crystal:3.20A:22.90%,0,0,0,0,0,0,0,0,0,0,0,0,0,0,0,81.087,0.767781365,20,-0.46,0,1,0,0,709.624,671.578,564.914,419.844,328.913,303.341,194.964,192.61,185.963,185.305,709.624,671.578,564.914,419.844,328.913,303.341,194.964,192.61,185.963,185.305,0,0,0,0,0,0,0,0,0,0,-3.3,-100,-100,0,SNP
4:P12883:502:K:N:4p7h:B:502:N:crystal:3.20A:22.90%,0,0,0,0,0,0,0,0,0,0,0,0,0,0,0,78.981,0.767781365,20,-0.46,0,1,0,0,613.145,377.405,352.632,229.701,224.453,222.702,206.969,186.615,185.598,165.595,613.145,377.405,352.632,229.701,224.453,222.702,206.969,186.615,185.598,165.595,0,0,0,0,0,0,0,0,0,0,-3.83,-100,-100,0,SNP
5:P12883:502:K:N:4pa0:A:502:N:crystal:2.25A:20.30%,0,0,0,0,0,0,0,0,0,0,0,0,0,0,0,84.707,0.767781365,20,-0.46,0,1,0,31.173,371.098,345.768,293.183,287.245,273.567,228.792,207.123,199.359,195.328,185.738,402.271,355.907,349.151,306.528,264.459,255.601,215.18,190.779,151.526,147.958,-31.173,-10.139,-55.968,-19.283,9.108,-26.809,-8.057,8.58,43.802,37.78,-3.51,-100,-100,0,SNP
6:P12883:502:K:N:4pa0:B:502:N:crystal:2.25A:20.30%,0,0,0,0,0,0,0,0,0,0,0,0,0,0,0,37.895,0.767781365,20,-0.46,0,1,0,0,495.316,250.645,190.68,167.761,163.751,151.041,144.767,135.919,132.308,124.602,495.316,250.645,190.68,167.761,163.751,151.041,144.767,135.919,132.308,124.602,0,0,0,0,0,0,0,0,0,0,-5.17,-100,-100,0,SNP
7:P12883:502:K:N:5tby:A:502:N:ElectronMicroscopy:20.00A:0.00%,0,0,0,0,0,0,0,0,0,0,0,0,0,0,-9.06,51.78,0.767781365,14.1,-0.46,0,1,0,0,656.46,614.732,332.312,303.007,189.475,155.964,128.932,119.052,86.483,84.523,656.46,614.732,332.312,303.007,189.475,155.964,128.932,119.052,86.483,84.523,0,0,0,0,0,0,0,0,0,0,-6.01,-100,-100,0,SNP
8:P12883:502:K:N:5tby:B:502:N:ElectronMicroscopy:20.00A:0.00%,0,0,0,0,0,0,0,0,0,0,0,0,0,0,0,60.377,0.767781365,11.06,-0.46,0,1,0,0,1194.99,424.288,397.415,290.83,267.986,262.411,218.258,215.334,211.317,205.282,1194.99,424.288,397.415,290.83,267.986,262.411,218.258,215.334,211.317,205.282,0,0,0,0,0,0,0,0,0,0,-5.17,-100,-100,0,SNP
1:P12883:766:K:N:4db1:A:766:N:crystal:2.60A:21.20%,0,0,0,0,0,0,0,0,0,0,0,0,0,0,0,29.936,0.651672047,20,-0.46,0,1,0,0,391.098,338.983,330.793,312.863,227.105,204.39,200.459,167.905,153.97,138.447,391.098,338.983,330.793,312.863,227.105,204.39,200.459,167.905,153.97,138.447,0,0,0,0,0,0,0,0,0,0,-4.5,-100,-100,0,SNP
2:P12883:766:K:N:4db1:B:766:N:crystal:2.60A:21.20%,0,0,0,0,0,0,0,0,0,0,0,0,0,0,0,27.889,0.651672047,20,-0.46,0,1,0,0,737.467,284.807,271.089,261.862,258.205,223.051,209.876,202.251,188.198,171.865,737.467,284.807,271.089,261.862,258.205,223.051,209.876,202.251,188.198,171.865,0,0,0,0,0,0,0,0,0,0,-3.51,-100,-100,0,SNP
3:P12883:766:K:N:4p7h:A:766:N:crystal:3.20A:22.90%,1,0,0,0,0,0,0,0,0,0,0,0,0,0,-6.79,22.022,0.651672047,-20,-0.46,0,1,0,0,709.624,671.578,564.914,419.844,328.913,303.341,194.964,192.61,185.963,185.305,709.624,671.578,564.914,419.844,328.913,303.341,194.964,192.61,185.963,185.305,0,0,0,0,0,0,0,0,0,0,-5.76,-100,-100,0,SNP
4:P12883:766:K:N:4p7h:B:766:N:crystal:3.20A:22.90%,0,0,0,0,0,0,0,0,0,0,0,0,0,0,-0.878,29.734,0.651672047,17.34,-0.46,0,1,0,0,613.145,377.405,352.632,229.701,224.453,222.702,206.969,186.615,185.598,165.595,613.145,377.405,352.632,229.701,224.453,222.702,206.969,186.615,185.598,165.595,0,0,0,0,0,0,0,0,0,0,-2.96,-100,-100,0,SNP
5:P12883:766:K:N:4pa0:A:766:N:crystal:2.25A:20.30%,1,0,0,0,0,0,0,0,0,0,0,0,0,0,-8.408,18.016,0.651672047,-20,-0.46,0,1,0,0,402.271,355.907,349.151,306.528,264.459,255.601,215.18,190.779,151.526,147.958,402.271,355.907,349.151,306.528,264.459,255.601,215.18,190.779,151.526,147.958,0,0,0,0,0,0,0,0,0,0,-7.45,-100,-100,0,SNP
6:P12883:766:K:N:4pa0:B:766:N:crystal:2.25A:20.30%,0,0,0,0,0,0,0,0,0,0,0,0,0,0,-6.04,29.384,0.651672047,17.74,-0.46,0,1,0,0,495.316,250.645,190.68,167.761,163.751,151.041,144.767,135.919,132.308,124.602,495.316,250.645,190.68,167.761,163.751,151.041,144.767,135.919,132.308,124.602,0,0,0,0,0,0,0,0,0,0,-7.12,-100,-100,0,SNP
7:P12883:766:K:N:5tby:A:766:N:ElectronMicroscopy:20.00A:0.00%,0,0,0,0,0,0,0,0,0,0,0,0,0,0,0,27.167,0.651672047,-20,-0.46,0,1,0,0,656.46,614.732,332.312,303.007,189.475,155.964,128.932,119.052,86.483,84.523,656.46,614.732,332.312,303.007,189.475,155.964,128.932,119.052,86.483,84.523,0,0,0,0,0,0,0,0,0,0,-7.37,-100,-100,0,SNP
8:P12883:766:K:N:5tby:B:766:N:ElectronMicroscopy:20.00A:0.00%,0,0,0,0,0,0,0,0,0,0,0,0,0,0,0,2.532,0.651672047,-20,-0.46,0,1,0,0,1194.99,424.288,397.415,295.545,267.986,262.411,218.258,215.334,211.317,199.122,1194.99,424.288,397.415,290.83,267.986,262.411,218.258,215.334,211.317,205.282,0,0,0,4.715,0,0,0,0,0,-6.16,-7.3,-100,-100,0,SNP